/*--------------------------------*- C++ -*----------------------------------*\
| =========                 |                                                 |
| \\      /  F ield         | OpenFOAM: The Open Source CFD Toolbox           |
|  \\    /   O peration     | Version:  v1812                                 |
|   \\  /    A nd           | Web:      www.OpenFOAM.com                      |
|    \\/     M anipulation  |                                                 |
\*---------------------------------------------------------------------------*/
FoamFile
{
    version     2.0;
    format      ascii;
    class       faceSet;
    location    "constant/polyMesh/sets";
    object      lowQualityTetFaces;
}
// * * * * * * * * * * * * * * * * * * * * * * * * * * * * * * * * * * * * * //


4302
(
327692
213004
327695
213007
327698
262162
213010
262163
344084
262164
385045
327701
262165
213013
262166
385048
344088
213016
98329
327706
385051
344092
229405
385054
327710
344096
327714
385059
344100
327718
385063
180263
344104
221225
221228
344111
8239
8241
344114
8243
344117
8245
8247
8249
8252
8255
327746
327749
467016
327752
327755
467020
327758
139342
327761
139346
327764
139350
327769
139354
327772
139358
327775
221281
327778
139362
344165
327781
139366
327784
213101
352366
213103
352368
213105
352370
213107
213109
327800
213112
327803
213115
327806
213118
344192
385153
327809
213121
139394
385156
344196
327812
213124
467077
139397
385159
327815
213127
344200
139400
467081
385162
327818
213130
344204
385165
139405
467088
385168
344208
139408
385171
344212
385176
385178
344219
385180
106652
385182
344222
245919
385184
106656
344225
221345
385186
385188
344228
106660
221349
106664
352425
229545
221353
352428
229549
352431
106671
106675
139445
139447
106679
106683
106687
106691
344264
344268
655565
278734
655568
344272
655571
344276
655574
344280
655577
655580
344284
655583
311519
344288
311523
655588
655591
311527
655594
311531
327917
327920
8432
311538
327923
8435
327926
311542
8438
344313
327929
8441
344316
327932
229628
8444
344319
327935
229632
344322
327940
229636
327943
229640
327946
229644
327949
327952
229648
327955
336148
246036
336149
336150
327958
352535
336151
336152
336153
352539
344350
352543
467232
344354
352547
467236
344358
352551
229673
500010
344362
352555
131372
500013
229677
344366
131375
500016
229681
344370
131378
500019
327989
229685
131381
344374
131384
229689
131387
344381
229693
131390
344384
8513
344387
8515
229700
8517
344390
8519
229704
344393
229708
229712
352596
352600
500059
352607
344423
344426
344430
344434
229746
229749
344438
229752
131449
344442
229755
131452
344446
229758
131455
344450
131458
131461
131464
426377
131467
426380
385423
385426
344466
385429
344469
385432
344472
254361
385435
344475
410012
254365
385438
344478
410016
385441
344481
254369
344484
8612
254373
385446
385448
344489
385450
385452
131501
385454
344494
385456
131505
385458
131512
131516
131520
213448
213452
213456
213460
213464
344545
344547
344549
131573
8693
8695
131577
8697
8699
8702
8705
8708
8711
8714
8717
8720
131625
131629
131633
131637
352823
131641
352827
279101
131645
352831
279104
131649
352835
279107
655940
655942
655944
279112
655946
213579
655948
598605
655950
655952
598609
655955
655956
655957
598613
655958
655959
680536
655960
655961
680546
680547
680548
664166
664167
664168
664169
664183
664185
664187
664189
664217
606882
606886
303783
606890
303786
279211
303789
606894
279215
8882
393916
393918
664255
393920
246465
664258
664261
246469
664264
246473
246477
656082
246484
656085
656088
246488
656091
246492
393949
656094
246496
656097
385761
352994
656100
385764
352997
385767
353000
656105
353003
664300
656108
664302
353006
656111
664305
353009
656114
656117
656120
25338
656123
8963
8965
8967
8969
8972
328462
353039
8975
328466
8978
303891
8981
328470
303894
8984
303897
328474
328478
664354
664359
279346
664394
475978
475980
664398
475982
385871
344912
475985
664402
475987
344915
246611
664406
385878
344918
246614
344921
246619
688989
246622
688992
688994
688996
688998
476008
476009
476010
476011
344943
344946
344949
344952
689018
344955
508796
508798
344958
508800
246656
344961
508802
246659
508804
344966
246662
344969
246665
344972
246668
344975
344978
680857
336802
213923
361381
336806
361384
213930
213933
213936
17329
213939
17332
17335
17338
631739
672702
476094
476096
476098
213967
213970
213973
213976
17369
680923
476123
213979
680924
17372
680925
476125
680926
680927
476127
17375
680928
476130
17378
476131
476132
476133
476134
476135
631793
336912
345111
631833
345114
631835
345117
631838
631839
345120
345123
386094
386098
386102
386106
246845
386110
246848
615501
615504
615507
615510
345174
615513
345177
427098
615518
345182
615520
615522
386147
615524
615526
386151
615528
386155
386159
246898
615540
615543
615546
615549
615552
615555
222341
615558
345231
345233
345236
246933
345239
246937
222361
345242
222362
222363
222364
246941
222365
222366
222367
337056
246945
337060
337064
386231
279736
345276
656573
656575
345279
656577
345282
345285
345290
459980
345294
656593
656594
345298
656595
656596
656597
656598
656599
337114
337119
337123
337127
386283
337131
386284
386285
386286
410864
410868
328948
345333
17653
328951
460024
410872
345336
17656
460026
345339
460028
410876
460030
345342
460032
410880
345345
460035
345348
460037
460039
460041
345353
460043
345356
460045
460047
345359
345362
328979
525589
328982
328985
328988
328991
460066
328994
17699
460068
328997
17702
460071
337191
460072
460073
337193
460074
329002
460075
345390
329006
345393
329010
345396
329014
345399
345402
329018
345407
402752
345410
460100
402756
345413
460112
337236
329045
337239
329047
329049
673114
337242
673115
329051
320860
329053
329056
320864
329060
320868
329064
320872
525673
345450
525675
320876
525677
345453
525679
681328
345456
320880
525682
525684
320884
345461
714102
525686
345464
402810
345467
345470
345473
525706
525707
525708
329103
329105
329107
681370
681371
681372
681373
681374
681375
681381
370085
681383
681385
370089
681387
402859
681389
370093
681391
402863
681393
370097
402867
370101
402871
370108
402878
370111
411072
370114
411076
370117
255430
329159
411080
255434
239050
411084
255438
411088
255442
411092
255446
411096
681451
681452
230895
230899
402935
230903
247290
402939
247291
230907
247292
247293
402943
230914
550404
550406
402950
230918
550408
550410
402954
230922
550413
402958
230926
550416
402962
370194
230930
550419
550422
402966
370198
370202
370206
370210
255525
370214
665129
255529
370218
665132
632365
255533
665135
632368
255537
255541
403002
230971
403005
230975
403008
271938
230979
403013
271942
403016
271946
230986
403019
271950
271957
271961
271965
411232
271969
411236
271973
370279
411240
370281
271977
370283
370285
271981
370287
403057
403061
403065
403069
452223
452227
231043
403076
452231
403079
231047
255625
403082
452235
231051
255628
403085
452239
255631
255634
452243
255637
452247
140953
255642
140956
272029
255645
452254
329375
140959
452256
255648
272033
452258
255651
452260
403118
403121
140997
657096
657097
141001
452299
231115
141005
452302
231119
452305
141009
231123
288469
288472
288475
288478
378592
616162
616163
378596
272101
378600
272105
411373
272109
222957
378607
222960
411377
272113
288501
272117
288505
165627
288509
165631
288513
165635
288517
165639
288521
231179
288525
231183
272147
231187
288532
411414
288534
272150
231191
288536
272153
411418
288538
231195
288540
272156
411422
272159
411426
231202
272164
231205
411430
272167
460584
411434
272170
223020
272173
452398
411438
272176
223024
452402
165684
411445
452406
165688
411449
452410
165692
411453
452414
411457
452418
264002
165699
411461
264005
165702
264008
411465
165705
264011
165708
411469
264014
255822
165711
255824
264017
255826
165714
231251
264020
165717
370522
370523
141151
165731
141155
165733
165735
141159
255849
165737
255851
165739
255853
165741
468847
255855
468850
468855
468858
468861
468864
231299
231302
231305
681866
681867
681868
681869
468891
165787
468893
165790
468895
468897
165793
165796
411558
165799
411562
165802
411566
165807
411570
165811
657332
452533
657334
411574
657336
452537
657338
411578
657340
657342
411582
657344
395201
657347
657348
657349
411589
395205
657350
657351
657352
657353
632777
411593
395209
632780
411597
395213
632783
411601
632786
395220
632789
411605
657367
657368
632792
395224
657369
411609
395228
411613
165856
165860
698342
698343
698344
165864
698345
698346
698347
698348
681964
165868
698349
698350
681966
681968
165872
681970
681972
411650
411654
108552
469001
108555
411661
108558
108561
395283
108564
395286
108567
206873
321571
321575
108583
108586
108589
108592
108595
108598
108601
698426
411710
411712
411715
378948
411717
411719
378952
378956
378960
321616
321620
378967
321624
378971
321628
403549
378975
321632
133217
403554
378979
321636
403557
378983
419947
321643
419949
321647
469107
321651
469110
469113
395386
469116
469119
469122
469125
379016
379020
419984
379024
419987
379028
321684
379032
321688
460955
321692
460957
460960
321696
166049
460962
321700
166053
395431
321704
166057
395434
321708
395437
166061
403632
395440
469170
469172
166068
395445
469174
166071
469176
166074
26823
26826
469201
403666
231634
469203
403668
231637
329957
329960
166120
166124
469229
469231
469233
469235
469237
469239
469242
469244
469246
108799
469248
469250
108802
469252
108805
469254
108808
346379
108811
346381
108814
346383
346385
108817
108822
649496
108825
649499
108828
649502
108831
649505
108834
649508
330020
108837
649511
330023
600360
108840
600361
600362
600363
330028
330031
330034
330037
330040
330043
649538
649541
395591
108871
649545
395593
346442
395595
330059
420172
346444
649549
420174
395598
346446
330062
420176
395600
346448
575825
330065
395602
575827
330068
575829
330071
575832
575834
330074
330077
616802
616805
616806
616807
616808
616809
682346
616810
682347
682348
420206
575855
575856
575857
420209
575858
420212
108922
108925
592260
698769
698770
698771
698772
698773
698774
698775
248215
616882
256434
616884
256437
616886
616888
256440
616890
616892
698814
698815
698816
698817
698818
698819
698820
248266
248269
436690
297430
256474
256476
502255
608772
608776
608780
256524
256555
248363
256558
256561
256564
412214
256567
412217
256570
412220
256573
289342
412225
289345
256578
412227
289348
412229
256582
256586
404056
404057
404058
404059
698981
698982
698983
698984
289388
412270
289391
412272
256635
256639
256643
256650
256654
207516
232093
232096
207520
207524
207528
207532
27309
387768
387775
330482
330485
330488
330491
330494
330497
330500
330505
330508
330511
330514
346901
330517
158497
158501
281394
281397
330553
346941
330557
330561
330568
330570
330572
633695
551776
158560
158564
633702
158568
633706
158572
633710
633714
232307
330613
232309
232311
232313
232315
232318
322432
232321
322434
306051
322436
306053
306055
551828
551832
224154
412571
633756
224157
412574
224160
412577
322465
224163
412580
224166
412585
224169
412587
412589
412591
158655
158658
158661
551897
158684
158686
158688
330721
158690
330724
158692
592872
551956
551959
232471
551962
551965
699424
551968
699425
699426
699427
699428
699434
699435
699436
699437
412720
412722
412724
388148
306239
306241
306243
552010
552012
232525
412751
232529
412754
412757
232533
412760
232537
412765
216199
388251
388255
388259
388263
699576
699578
699580
699582
699584
699586
699588
699591
699593
699595
699597
699599
568541
568544
568547
699620
593124
699622
699624
568552
568554
699627
699628
568556
396524
273644
699629
699630
568558
396526
699631
699632
568560
396528
699633
273649
568562
273653
273657
273661
568574
568577
699652
568580
699653
699654
699655
568583
699656
568586
568589
568592
552208
552211
568597
568598
552214
568599
331031
568600
568601
552217
331034
552220
331037
552223
331040
593185
331043
593189
331046
331049
199979
593196
257325
331054
257327
199983
552240
331057
257329
552242
257331
199987
552244
331060
568630
552246
199991
568632
552248
273721
568634
552250
576827
576828
568636
273724
576829
576830
568638
576831
273727
568640
273730
568643
568644
257353
257356
257359
257362
257365
568665
224603
331100
224605
331103
331108
331111
273769
331114
331117
273773
331120
273777
331123
200051
593268
331126
200054
593272
273784
200057
593276
273788
200060
200063
273792
200066
273796
200069
273800
273804
683406
331150
683407
683408
273808
683409
200081
683410
200083
200085
413078
200087
470424
413080
257433
200089
413082
470427
200091
413084
257437
200093
470430
413086
257441
470435
470436
470437
470438
683436
232876
683437
232880
331187
232884
331190
429495
232888
331193
429498
413114
413116
331196
429501
413118
331199
413120
200128
331202
200130
200132
200134
331207
200136
200138
331211
200141
331215
200144
331219
200147
200150
257498
413150
413152
257505
232929
257509
232933
568807
257513
232937
568810
568813
257517
232941
331247
257521
568818
331250
568820
413172
413173
331253
257525
568822
413174
413175
413176
331256
200184
331259
249339
200187
331262
200190
331265
200195
200199
200203
142861
568847
200207
142864
568849
568851
200211
142867
568854
142870
200215
568856
364057
142873
568858
568860
142876
568862
257566
142879
257570
257577
233001
142892
380461
257581
233005
380463
142895
380465
257585
233009
683570
142898
568883
380467
331315
568885
233013
142901
380470
568887
331319
142904
568890
142907
568892
233020
568894
142910
568896
233024
568898
233028
233032
568913
429650
568915
568917
429654
568919
568921
568923
568926
568928
568930
274018
257634
568932
331364
274021
331366
257638
274024
331369
298601
257642
298603
274027
331373
298605
274030
298607
331377
298609
274033
298611
568949
568950
298614
568951
568952
298617
429691
429695
429699
233092
216710
429703
233096
118409
216714
429707
233100
118412
216718
429711
118415
233104
216722
429715
233108
216726
331415
274072
233112
331418
216730
274076
331421
331424
274080
331427
274084
683687
683688
331432
274088
683689
683690
683691
331435
683692
274092
233133
331438
331441
233137
331444
233141
331447
233145
233149
569022
569024
233153
569026
569028
233157
569030
569033
569034
569035
569036
233164
274125
331472
233168
274129
331475
233172
274133
331478
233176
331481
274137
233180
233184
233188
118512
118516
143095
118520
143098
249596
118524
143101
143104
118528
143107
143110
118535
274184
233225
143113
118538
274187
233229
118541
274190
118544
274193
118547
323348
274196
167701
118550
274199
323352
274202
167706
167709
323359
323363
143141
143144
438061
143149
143152
438065
216881
216883
143155
143158
118583
143161
249659
118587
143164
249663
143167
118591
249667
118598
388943
167760
388946
167764
388949
167768
388954
143195
167772
388957
143198
167776
167780
167784
20330
438133
438137
167801
438141
167805
438145
167809
438149
167813
167817
167821
167825
20371
167832
20376
143257
233371
167835
20379
143260
233374
167838
20382
233377
167841
20385
438178
233380
225188
167844
20388
438182
233383
225191
167847
20391
438186
225194
167850
438190
438194
356277
438198
356279
356281
356283
438205
356285
233405
233406
438209
438213
651206
651209
438217
438221
438225
438229
331733
331736
331739
331742
356322
331747
258019
233445
331750
258022
233447
331753
651243
331756
651246
331759
249839
651249
331762
249843
651252
208884
438262
651255
249847
208888
438266
249851
208892
438270
208896
331779
208900
438277
331783
438281
331787
438285
471054
471055
331791
471056
471057
471058
233490
471059
331795
471060
233493
651286
331799
233496
258073
331803
233499
258076
258081
331810
258084
331813
258087
331816
258090
331819
331822
331825
233533
233536
233539
331848
331850
331852
684113
684114
684115
299091
249962
168052
45174
168055
168058
45178
168061
331902
331904
331906
168066
299149
233635
233638
389288
389291
250028
389296
331955
331958
331963
331967
331971
331975
331979
331983
118994
331987
118998
119002
119006
119010
119014
119021
119024
332017
332020
159994
184585
381194
184589
381199
381201
184593
381203
168211
381205
119061
168214
381207
119063
184600
168217
184604
168220
373021
168223
184608
373025
250145
184612
373029
209189
184616
373033
209193
184620
373037
209197
332080
332083
381236
373044
332086
381239
373048
332089
373052
332092
332095
373056
332098
373060
373064
479563
373068
332110
684368
332112
323920
684370
332114
684372
332116
323924
332118
332120
323928
332122
323935
323939
373097
373101
373105
373109
479608
373116
373120
373124
373128
373132
323980
323984
258448
323988
258452
323992
323996
324000
324007
184744
324011
184747
577966
184750
324015
373168
184753
577970
373171
184756
373174
373179
373183
184774
184776
184778
184780
184782
184784
184786
250323
184789
250327
324056
184792
217561
184795
324060
184798
324064
578019
324068
578023
324072
578027
578031
324079
373232
324083
373236
184821
324087
373240
184825
373244
184829
184833
373251
184837
373254
184841
184845
250386
250390
217622
217626
332319
217633
332323
217637
332327
324136
217641
586282
332331
324140
610862
586286
332335
610864
324144
610867
332339
586293
373303
332343
324151
373307
324155
258619
193085
332350
324159
258623
332353
193089
373314
324163
332356
283205
193093
373318
332359
324167
373322
332362
193100
332365
373326
193103
332368
193106
610907
332380
610909
332382
610912
332384
332386
610915
332388
332390
332392
324208
430707
324212
586358
430711
324216
373369
430715
373372
193149
430719
324223
373377
504451
430723
504454
217736
504457
340617
430730
217738
504460
340621
430734
504465
430738
430742
430746
430750
234147
463524
463527
463530
373420
463533
373423
463536
373426
463539
504501
504503
250552
504505
250554
504507
365244
250556
504509
504511
365247
324288
504513
430787
365252
578245
365254
430791
324295
578248
365256
578251
430795
324299
578254
324303
578257
430802
578260
578263
373468
373471
373474
373477
258790
373480
193257
258794
193262
324367
430874
684827
267035
684828
684829
430878
258857
209705
209710
209713
13106
209716
13109
209719
13112
13117
13120
37699
13123
37703
332620
324428
332623
324432
332626
332629
430935
332632
430939
332635
332638
430946
193379
430950
209766
267112
430954
332651
267116
332654
267120
332657
332660
267124
234356
332663
234359
267128
332666
234362
332669
234365
635776
635779
635782
635785
324492
635790
193422
324496
635793
193425
324500
193428
324504
324511
324515
234404
324519
234408
267177
324523
635820
234412
406445
635822
324527
635824
267184
635826
406450
267187
635828
406453
635830
267190
635832
406456
267193
267196
267199
684994
684995
684996
684997
684998
684999
685000
340936
340943
381905
340946
398291
381907
340949
398294
398297
406490
406492
398300
324572
406495
398303
324576
406498
406501
406504
406507
406510
267247
406513
267251
381941
381942
381943
267255
381944
381945
340987
267259
259068
406526
340991
267263
406529
398339
340995
267267
406532
398342
406535
340999
398345
406538
398348
406541
406544
324624
398353
398355
324628
406549
398357
406551
398359
381976
324632
201752
406553
381979
201755
324636
381982
324640
381985
381988
324644
381991
324648
381994
381999
324655
382003
324659
398390
226358
382007
324663
398393
226362
382011
324667
341053
398398
226366
382015
341055
324671
398400
341057
398402
226370
382019
324675
324679
201806
201809
398423
398426
349276
398429
226397
226399
398432
349280
193632
226401
398435
226403
349284
226405
685158
398438
685159
226407
685160
349288
685161
226409
398443
398444
398445
119918
349295
119922
349299
119926
349303
119933
201860
201863
291976
201866
267409
267412
267415
267418
267421
267424
251041
267427
251045
349352
251049
201897
349356
324780
201900
251053
201903
349360
324784
251057
201906
324788
685237
251061
201909
685238
685239
349367
685240
324792
685241
251065
685242
201914
685243
349371
201917
349375
324799
201920
324803
201923
201926
324807
201929
324811
201932
324815
267472
193747
267476
193751
341208
267480
341210
267484
267488
349420
349424
349428
349432
251130
349439
349443
292100
349447
234764
234768
234772
210205
210209
210213
251174
251175
603432
251176
603433
251177
210217
603434
251178
603435
251179
324912
628017
628019
324916
628021
349496
324920
349500
324924
349504
324928
324932
349511
660808
324936
210250
660811
349515
21835
660814
210254
21838
349519
324943
234832
177488
660817
210258
628051
349523
324947
21843
660820
234836
628054
210262
324951
234840
660825
628057
210266
324955
234844
628062
210270
324959
324963
234851
324967
234855
234859
234863
234867
324984
193915
324988
349568
324992
349572
324996
349576
325000
628105
628108
325004
628111
349583
325008
234896
349587
234900
349591
325015
234904
349595
325019
234908
325023
202143
234912
325027
202147
234916
325031
202151
628137
628139
325035
234923
202155
628141
628143
234927
202159
628145
628147
234931
628149
202166
193974
234935
202170
234939
202174
234943
325057
202178
349635
234947
349638
325062
202182
349641
325067
349646
325072
349650
660949
325077
349654
660953
234969
325082
234972
660957
628189
267742
325087
234975
628192
267744
234978
628195
234981
628198
325096
628201
234986
628204
325100
628207
325104
251378
628212
325108
407029
628216
407032
325112
628220
325116
407037
628224
407040
325120
407043
349699
628228
407046
349703
628232
685577
685578
685579
349707
685580
628236
685581
685582
685583
349711
349718
349721
349724
325157
325161
202283
202286
325168
202289
407091
325172
202292
407094
202295
325176
333369
202298
325180
202301
325184
325188
202314
349772
202317
202320
202323
202326
194135
325209
202329
202332
325213
407136
325217
407138
407140
325221
407142
407144
325225
407146
530027
530028
407148
530029
325229
530030
325233
325240
349818
325244
349821
325248
685698
685699
685700
325252
685701
325256
292497
292498
325285
325289
407210
407212
349869
325293
407214
407216
349872
325297
407218
349875
407220
325301
349880
325305
349884
349888
325312
325316
325320
530122
530123
325324
325328
325332
521944
325336
521947
521950
390878
390881
349921
390884
349925
390887
349929
251625
349933
251629
349937
325361
620277
349941
325365
620280
349945
325369
620283
325373
349952
325377
349955
349958
325384
349961
120587
325388
325392
120592
325396
120597
325400
522009
120602
325404
120607
349986
120612
349989
284455
349992
120617
349995
349998
350001
120626
325429
350006
120630
636728
350009
325433
677690
120634
636731
677692
350012
620349
325437
636734
194366
120638
350015
620353
325441
350018
120642
350021
325445
120646
22342
325449
120650
325456
325460
325464
350046
350049
350052
636773
636774
350055
120698
120701
120704
120707
325509
120710
325513
325517
325521
325528
235418
325532
235420
325536
325540
251814
325544
161714
620469
161718
620472
161722
325569
325573
325577
636877
325581
636881
325585
325589
636888
325593
636892
636896
325600
374754
636900
325604
374758
325608
374762
284651
325612
374766
284655
325616
178162
284662
178166
178170
161786
120826
620540
161789
178174
620544
161792
178178
161795
620548
161798
161801
161804
325653
325657
325661
374815
325665
301090
374819
301093
325672
301096
178216
374826
178218
120875
325676
178220
301101
161838
325680
301105
161842
325684
178247
432201
178249
178252
325713
325717
325721
325725
686176
325729
686179
522340
522341
325733
522342
522343
522344
522345
325737
522346
325744
186481
325747
186485
325750
325753
186489
325756
186493
350337
186497
350341
260231
325780
325784
186521
325788
186524
186527
325792
186530
325796
186533
260262
211111
325800
186536
260266
678059
186539
260270
620720
186544
284850
260274
620723
186547
178357
121013
620726
284854
260278
178359
620729
178361
284858
178363
620732
178365
284862
620735
178367
178369
620738
366787
178372
284869
178374
178376
194767
186575
186578
194771
186581
194775
211160
186584
178394
194779
186587
178395
407772
178396
178397
399582
186590
178398
407775
399583
186593
407778
194786
407781
194789
186598
407784
260328
194792
186601
260330
407787
194795
260332
186604
407790
260334
194798
186607
260336
186610
407795
407799
407803
407807
293121
407811
293123
293125
604422
407815
235783
235785
604426
407819
260376
260379
219420
260382
653600
219424
358689
260385
653603
260388
235812
219428
620837
653606
235814
620839
235816
219432
620841
620843
235819
219436
121132
620845
620847
219440
620849
219444
14647
620858
219451
14651
620860
620862
219455
620864
620866
219459
620868
235844
620870
235847
219463
235850
235853
235856
235859
235864
235867
235870
235873
235876
219516
555394
653699
555397
235909
555400
522632
235912
522633
522634
555403
522635
235915
235918
645522
645523
268691
645524
268694
178584
268699
121245
268703
653728
121249
268707
235939
661924
235941
268711
235943
235945
268715
235947
235949
235951
293298
235954
235955
293300
235956
293302
653752
293305
260537
653755
260541
653758
653761
260545
653764
260549
653767
121287
260553
121290
653772
653773
121293
653774
653775
653776
121296
653777
235988
121301
235990
235992
121304
391642
235995
235996
391646
260577
391650
661988
260580
661989
661990
661991
260583
391657
260586
653803
260589
260592
14833
260595
14836
662006
14839
662008
121337
662010
662012
121341
662015
121345
653829
121349
653832
121353
653835
121357
653840
555538
653843
121364
555541
653846
555544
121368
662041
653849
612889
555547
653852
555550
653855
653858
424492
424494
424496
227888
391729
424498
424500
391733
424502
391737
555578
555581
391741
555584
391745
555587
424515
195140
195142
424519
195144
424523
195147
424527
424531
39510
424535
227928
424539
227931
121436
227934
227937
555623
678505
555626
555629
555632
555637
416375
555640
424568
416376
391801
236154
555643
424571
187003
236156
391805
555646
424574
187006
260735
555649
424577
260737
187009
39553
260739
555652
424580
187012
39556
260741
555655
424583
260743
187015
39559
424586
187018
187021
424591
424594
424597
555670
555671
555672
424600
424603
260766
260770
301734
260774
187046
187049
391850
301738
260778
236204
187052
391854
301742
260782
236206
236208
391858
236210
236212
391862
236214
686775
686776
686777
686778
391866
686779
424635
686780
686781
424639
178879
416448
416449
391873
416450
424643
236227
391877
236229
424647
236231
391881
334537
236233
236235
391885
334541
236237
424654
424656
334545
424658
334549
334553
424679
424681
424683
359148
424685
424687
359151
424690
359154
424692
424694
391934
293633
391938
260870
260872
391945
391949
129806
129809
129812
260901
260905
260909
293678
260913
293682
604981
260917
129846
129848
604985
391994
604989
391997
392000
604993
392003
195399
392008
392010
334666
195402
392012
195405
334670
195408
334674
195411
195414
596823
334681
195417
531291
555868
531292
531293
531294
555871
531295
293727
555874
293731
39780
555877
129894
293735
39783
555880
129897
39786
293739
195436
129900
39789
392047
293743
195439
195442
392051
195445
293750
392055
293752
195448
293754
293756
555902
392062
293758
555904
605058
555906
392066
555908
555910
392070
383880
392074
39823
39826
39829
179114
179116
179118
179120
179122
129970
179124
179126
179129
392123
179132
392127
179135
39883
334802
334806
334810
334814
334818
392178
392182
392186
605180
392190
605184
384001
605188
392197
384005
605192
228360
392201
384009
367625
228362
605196
392205
384013
367629
605200
392209
384017
367633
384024
384028
334879
384032
15395
384036
15399
236589
130094
236593
236597
236601
236605
392260
392263
228423
392266
334922
392269
334925
392272
334928
375895
375899
605279
556127
130143
556129
605282
556131
605285
556133
556135
556138
556141
556144
556147
654452
629877
654454
556150
654456
629881
654458
687228
654461
629885
654464
654467
654470
654473
654476
556174
375950
556176
375953
556178
556180
130202
556218
15548
629949
15551
629952
335041
220399
220401
220403
220405
220407
351481
220409
220411
351485
220414
351489
220417
220420
351493
179482
122147
7478
523577
7482
523580
7486
523583
523586
7490
523589
7494
310602
7501
122191
7505
122194
220499
228692
122197
7509
228696
122200
7513
122203
228700
122208
122212
122216
122220
122224
122228
605576
605579
220555
310674
335251
310678
335255
408984
408987
335259
523676
523679
408992
523682
408994
408996
523685
408998
523688
409000
122280
122281
409002
122282
122283
122284
523693
122285
523695
523697
523699
523701
409013
409015
409017
409019
409021
605630
409023
605632
409025
605634
409028
409031
384456
409034
409037
409040
523730
409043
523733
335317
409046
523738
605661
523741
7645
523744
605665
7649
523747
605669
7653
605673
605677
605684
605686
605688
605690
605692
605694
523774
523776
523778
523780
523783
523786
523789
638479
523792
384528
638481
605713
351761
638483
605715
523795
384532
638485
605717
351765
7702
638487
384536
351769
7706
310811
384540
351773
7710
384544
351777
310818
384548
351781
7717
310822
130598
523817
7721
310826
523820
7725
523823
7729
523826
523829
523832
523837
523838
384574
523839
384577
384580
605765
384583
605768
384586
605771
384591
310867
310871
310875
327263
310879
327266
310883
327269
130661
7782
130663
654953
130665
130667
654956
605805
130669
654959
130671
605809
335473
130673
212594
605813
212598
605817
220794
212602
130683
220796
605821
220798
212606
130686
220801
130689
212610
220803
605828
130692
605829
220805
220807
130695
654985
220809
130698
654987
654989
130701
654991
654993
654995
654998
655000
655002
655004
310943
327328
327331
310947
310951
310955
655023
655025
384690
310962
655027
655029
384693
310966
655031
384696
310970
384699
384702
310974
384705
130758
351945
130762
351950
327376
130769
384722
327380
384726
327384
384730
384734
327391
384738
327395
384742
327399
384746
384753
384755
384757
351990
384759
384761
351993
311034
384763
351996
384765
351999
384775
384778
384781
384784
384787
384790
384793
130841
466717
384798
335647
466721
384801
352035
335651
352038
335655
327463
368425
352041
630570
327466
180011
352044
630573
327469
335662
630576
327472
335666
630579
327475
630582
335670
327478
98104
327481
335674
98107
98110
180033
98113
253763
180036
8005
384838
180039
384841
8009
180042
384844
180045
8013
384847
180048
8017
180051
384852
384856
180056
384860
384864
335714
384868
335717
327526
352103
335720
352106
352109
352112
8050
638835
352115
212851
32627
638837
352118
139126
8054
638839
212855
638841
352121
139130
8058
638843
212859
638845
8062
638847
212863
638850
98178
8066
212867
98181
8070
98184
384907
98187
180108
8077
384910
180112
98192
8081
384915
98195
384917
8085
98198
352151
98201
8089
352155
98204
8093
352159
98207
8097
393124
393126
352166
393128
352168
352170
352172
466872
466876
343996
466880
344003
466884
245701
344006
466888
393161
384969
344009
384971
393164
384973
384975
384977
8149
8153
253916
8157
384990
384992
98273
384994
384996
98276
384998
385000
385002
385005
385008
385011
385014
385017
385020
385023
)


// ************************************************************************* //
