#varID         total       dxdbVol      dxdbSurf          dSdb          dndb    dxdbDirect          dVdb      distance       options          dvdb
    27    9.1963e-06   1.74733e-05             0  -8.02854e-06             0             0             0  -2.48453e-07             0             0 
    28    0.00175185   0.000840322             0   0.000887682             0             0             0   2.38494e-05             0             0 
    30   1.19883e-05   1.00116e-05             0   1.45661e-07             0             0             0   1.83112e-06             0             0 
    31   8.79986e-05   2.33626e-05             0   3.57085e-05             0             0             0   2.89275e-05             0             0 
    33  -9.80324e-05  -0.000116513             0   1.34834e-05             0             0             0   4.99754e-06             0             0 
    34   -0.00031978   0.000590553             0  -0.000953361             0             0             0   4.30278e-05             0             0 
    36    -0.0011027   -0.00115689             0   4.45785e-05             0             0             0   9.60875e-06             0             0 
    37   -0.00196236    0.00596889             0   -0.00797715             0             0             0    4.5895e-05             0             0 
    39  -0.000426562  -0.000413592             0   2.51361e-05             0             0             0  -3.81062e-05             0             0 
    40  -0.000167912    0.00699621             0   -0.00715384             0             0             0  -1.02849e-05             0             0 
    42    0.00298883    0.00296917             0   6.87859e-06             0             0             0   1.27757e-05             0             0 
    43    0.00993359     0.0101652             0   -0.00023973             0             0             0   8.16201e-06             0             0 
    51   2.84022e-05   5.84407e-05             0  -2.96648e-05             0             0             0  -3.73737e-07             0             0 
    52    0.00627629    0.00307176             0    0.00317534             0             0             0   2.91919e-05             0             0 
    54    1.4669e-05   1.32007e-05             0   1.57494e-07             0             0             0   1.31077e-06             0             0 
    55  -2.47904e-05  -0.000126916             0   7.47694e-05             0             0             0   2.73564e-05             0             0 
    57   9.16481e-06  -1.15469e-05             0   2.51227e-05             0             0             0  -4.41097e-06             0             0 
    58  -0.000721755   0.000206609             0  -0.000935357             0             0             0   6.99249e-06             0             0 
    60  -0.000713983  -0.000777622             0   6.79465e-05             0             0             0  -4.30784e-06             0             0 
    61  -0.000979378    0.00805013             0   -0.00901937             0             0             0   -1.0138e-05             0             0 
    63  -0.000719214  -0.000729541             0   2.59563e-05             0             0             0  -1.56296e-05             0             0 
    64   -0.00145701    0.00509299             0   -0.00654259             0             0             0   -7.4178e-06             0             0 
    66     0.0011037    0.00110809             0   3.13792e-06             0             0             0  -7.52397e-06             0             0 
    67    0.00302643    0.00374295             0  -0.000728369             0             0             0   1.18526e-05             0             0 
   123   1.71509e-05   3.47228e-05             0   -1.7144e-05             0             0             0  -4.27893e-07             0             0 
   124    0.00369777    0.00175756             0    0.00187955             0             0             0   6.06536e-05             0             0 
   125   0.000153495   8.66622e-05             0   6.28472e-05             0             0             0   3.98582e-06             0             0 
   126   1.96343e-05   1.34418e-05             0   1.64589e-06             0             0             0   4.54659e-06             0             0 
   127   0.000179515  -6.47465e-05             0   0.000169608             0             0             0   7.46539e-05             0             0 
   128  -0.000245586  -4.29955e-05             0  -0.000207532             0             0             0   4.94142e-06             0             0 
   129  -0.000134376  -0.000182523             0   3.14618e-05             0             0             0   1.66855e-05             0             0 
   130  -0.000480107    0.00115697             0    -0.0017524             0             0             0   0.000115329             0             0 
   131   -0.00109985  -0.000110086             0  -0.000996626             0             0             0   6.86483e-06             0             0 
   132   -0.00205735   -0.00218722             0   9.68684e-05             0             0             0   3.30103e-05             0             0 
   133    -0.0032605     0.0124617             0    -0.0158563             0             0             0    0.00013402             0             0 
   134   -0.00189501    0.00112737             0   -0.00302893             0             0             0   6.55351e-06             0             0 
   135   -0.00106371   -0.00107319             0   5.40972e-05             0             0             0  -4.46154e-05             0             0 
   136   -0.00030858      0.014376             0     -0.014689             0             0             0   4.38448e-06             0             0 
   137   0.000330895    0.00246181             0    -0.0021268             0             0             0  -4.11184e-06             0             0 
   138    0.00490484    0.00481312             0    1.3697e-05             0             0             0   7.80221e-05             0             0 
   139     0.0164216     0.0166973             0  -0.000317319             0             0             0   4.16346e-05             0             0 
   140      0.002323    0.00273584             0  -0.000418879             0             0             0   6.03872e-06             0             0 
   147   5.71414e-05   0.000118365             0  -6.06596e-05             0             0             0  -5.64345e-07             0             0 
   148      0.012803    0.00622223             0     0.0065124             0             0             0   6.83474e-05             0             0 
   149     0.0004985   0.000297265             0   0.000196367             0             0             0   4.86686e-06             0             0 
   150   2.22504e-05   1.49238e-05             0   4.07914e-06             0             0             0   3.24751e-06             0             0 
   151  -8.83871e-05  -0.000664131             0   0.000508518             0             0             0   6.72258e-05             0             0 
   152  -0.000769017  -7.61746e-05             0  -0.000697661             0             0             0   4.81831e-06             0             0 
   153    0.00017577   0.000120765             0   5.85702e-05             0             0             0  -3.56531e-06             0             0 
   154   -0.00111781   0.000342388             0   -0.00148546             0             0             0   2.52627e-05             0             0 
   155   -0.00226131   -0.00014509             0   -0.00211785             0             0             0   1.62757e-06             0             0 
   156   -0.00110805   -0.00124317             0   0.000141393             0             0             0  -6.27404e-06             0             0 
   157  -0.000997356     0.0160763             0    -0.0170588             0             0             0  -1.48599e-05             0             0 
   158    -0.0027012    0.00124278             0   -0.00394274             0             0             0  -1.23605e-06             0             0 
   159   -0.00149307   -0.00152239             0   5.45349e-05             0             0             0  -2.52214e-05             0             0 
   160   -0.00267144     0.0102643             0    -0.0129142             0             0             0  -2.15873e-05             0             0 
   161   -0.00032214    0.00162392             0    -0.0019436             0             0             0  -2.46587e-06             0             0 
   162    0.00166825    0.00165743             0   6.15818e-06             0             0             0   4.66798e-06             0             0 
   163    0.00499898    0.00627766             0   -0.00130672             0             0             0    2.8034e-05             0             0 
   164   0.000671096   0.000875975             0  -0.000205488             0             0             0    6.0902e-07             0             0 
   219  -3.76943e-05  -4.23086e-06             0  -3.39772e-05             0             0             0   5.13786e-07             0             0 
   220    0.00470406    0.00207175             0    0.00251299             0             0             0   0.000119319             0             0 
   221    0.00130199   0.000265826             0    0.00100042             0             0             0   3.57487e-05             0             0 
   222  -5.21544e-06  -1.17455e-05             0   -2.0709e-07             0             0             0    6.7372e-06             0             0 
   223   0.000208542   -0.00073834             0   0.000818069             0             0             0   0.000128812             0             0 
   224  -0.000150574  -0.000941926             0   0.000751821             0             0             0    3.9531e-05             0             0 
   225  -2.21713e-06  -6.54117e-05             0   3.54774e-05             0             0             0   2.77172e-05             0             0 
   226  -0.000248666   0.000114515             0  -0.000541678             0             0             0   0.000178497             0             0 
   227  -0.000212943   -0.00108108             0   0.000796755             0             0             0   7.13817e-05             0             0 
   228   -0.00180153   -0.00199309             0   0.000132679             0             0             0   5.88767e-05             0             0 
   229    -0.0033328     0.0121282             0    -0.0156708             0             0             0   0.000209851             0             0 
   230  -0.000634963    0.00385997             0   -0.00459109             0             0             0   9.61502e-05             0             0 
   231   -0.00110288   -0.00122662             0   0.000107805             0             0             0   1.59388e-05             0             0 
   232   0.000450669      0.018194             0    -0.0178069             0             0             0   6.35334e-05             0             0 
   233   0.000938803    0.00831974             0   -0.00743243             0             0             0   5.14928e-05             0             0 
   234    0.00427298    0.00415677             0   4.09853e-05             0             0             0   7.52184e-05             0             0 
   235     0.0161314      0.017576             0   -0.00148973             0             0             0   4.50933e-05             0             0 
   236     0.0039478    0.00634798             0   -0.00242291             0             0             0   2.27278e-05             0             0 
   243  -5.53357e-05   2.74391e-05             0  -8.33329e-05             0             0             0   5.58015e-07             0             0 
   244      0.014098    0.00674674             0     0.0072345             0             0             0   0.000116746             0             0 
   245    0.00238095   0.000632792             0    0.00169949             0             0             0   4.86651e-05             0             0 
   246  -3.74846e-05  -5.06222e-05             0   9.05318e-06             0             0             0   4.08439e-06             0             0 
   247   7.68098e-06   -0.00189716             0    0.00180505             0             0             0   9.97949e-05             0             0 
   248  -0.000555644   -0.00180528             0    0.00120995             0             0             0   3.96916e-05             0             0 
   249   0.000352119   0.000282547             0    6.7909e-05             0             0             0   1.66298e-06             0             0 
   250  -0.000709352   -0.00116357             0   0.000407961             0             0             0   4.62604e-05             0             0 
   251  -0.000525475   -0.00167906             0    0.00111556             0             0             0   3.80285e-05             0             0 
   252  -0.000820714   -0.00096231             0   0.000150256             0             0             0  -8.65946e-06             0             0 
   253   -0.00146038     0.0128872             0    -0.0143302             0             0             0  -1.74233e-05             0             0 
   254  -0.000232971    0.00321984             0   -0.00347512             0             0             0   2.23145e-05             0             0 
   255   -0.00138778   -0.00143893             0   7.76236e-05             0             0             0   -2.6478e-05             0             0 
   256   -0.00260715     0.0105437             0    -0.0130961             0             0             0  -5.48297e-05             0             0 
   257   5.55676e-05    0.00451045             0   -0.00445059             0             0             0  -4.29149e-06             0             0 
   258    0.00133703    0.00132018             0   1.50856e-05             0             0             0   1.76002e-06             0             0 
   259    0.00456832    0.00614123             0   -0.00156715             0             0             0  -5.76215e-06             0             0 
   260   0.000982501    0.00201178             0   -0.00102431             0             0             0  -4.96511e-06             0             0 
   315  -0.000146833  -5.77685e-05             0   -9.0216e-05             0             0             0   1.15123e-06             0             0 
   316    0.00510464    0.00146662             0    0.00353349             0             0             0   0.000104528             0             0 
   317    0.00530861   0.000664487             0    0.00461341             0             0             0   3.07146e-05             0             0 
   318  -1.93964e-05   8.45365e-06             0  -3.20466e-05             0             0             0   4.19657e-06             0             0 
   319  -4.33837e-05   -0.00234841             0    0.00220795             0             0             0   9.70769e-05             0             0 
   320  -0.000413214   -0.00374331             0    0.00329271             0             0             0   3.73874e-05             0             0 
   321   3.36227e-05   9.08357e-06             0   6.52605e-06             0             0             0   1.80131e-05             0             0 
   322    -0.0005757   -0.00303825             0    0.00233169             0             0             0   0.000130854             0             0 
   323  -0.000684904   -0.00569606             0      0.004911             0             0             0   0.000100159             0             0 
   324   -0.00113223   -0.00133601             0   0.000161241             0             0             0   4.25444e-05             0             0 
   325   -0.00355708    0.00593816             0   -0.00965002             0             0             0   0.000154783             0             0 
   326   -0.00300433     0.0013179             0   -0.00446135             0             0             0   0.000139116             0             0 
   327  -0.000638516  -0.000817071             0   0.000184155             0             0             0  -5.60093e-06             0             0 
   328    0.00060523     0.0165392             0     -0.015934             0             0             0   4.82149e-09             0             0 
   329   6.97192e-05     0.0133876             0    -0.0133122             0             0             0  -5.72206e-06             0             0 
   330    0.00370491    0.00369089             0   8.09098e-05             0             0             0  -6.68884e-05             0             0 
   331     0.0159062     0.0195756             0   -0.00358314             0             0             0  -8.62951e-05             0             0 
   332    0.00965393     0.0146263             0   -0.00486867             0             0             0  -0.000103748             0             0 
   339  -0.000194258  -8.62064e-05             0  -0.000108596             0             0             0     5.448e-07             0             0 
   340     0.0100018    0.00385296             0    0.00607863             0             0             0   7.02271e-05             0             0 
   341    0.00556872   0.000464528             0     0.0050896             0             0             0   1.45948e-05             0             0 
   342  -5.15963e-05  -2.92243e-05             0  -2.37719e-05             0             0             0   1.39989e-06             0             0 
   343  -0.000333377    -0.0037229             0    0.00334597             0             0             0   4.35555e-05             0             0 
   344   -0.00130403   -0.00509571             0    0.00377803             0             0             0   1.36508e-05             0             0 
   345   0.000191587   0.000165163             0   2.84597e-05             0             0             0  -2.03546e-06             0             0 
   346  -0.000831382   -0.00398868             0    0.00314892             0             0             0   8.38083e-06             0             0 
   347  -0.000980923   -0.00520606             0    0.00420144             0             0             0   2.36985e-05             0             0 
   348  -0.000355339  -0.000462393             0   0.000127799             0             0             0  -2.07455e-05             0             0 
   349   -0.00151895    0.00491085             0   -0.00637114             0             0             0   -5.8662e-05             0             0 
   350  -0.000945198    0.00167737             0   -0.00261206             0             0             0  -1.05027e-05             0             0 
   351  -0.000535297  -0.000583881             0   9.29729e-05             0             0             0  -4.43894e-05             0             0 
   352    -0.0011597    0.00748475             0   -0.00853628             0             0             0  -0.000108178             0             0 
   353  -0.000463519    0.00565491             0   -0.00605625             0             0             0  -6.21774e-05             0             0 
   354    0.00113922     0.0011489             0   2.31471e-05             0             0             0   -3.2822e-05             0             0 
   355    0.00379297    0.00541219             0   -0.00155134             0             0             0  -6.78821e-05             0             0 
   356    0.00161637    0.00326187             0   -0.00159358             0             0             0  -5.19226e-05             0             0 
   411  -4.16962e-05   5.26839e-05             0  -9.31958e-05             0             0             0  -1.18419e-06             0             0 
   412    0.00308094   0.000455813             0    0.00265299             0             0             0  -2.78615e-05             0             0 
   413    0.00578012   0.000805487             0    0.00502963             0             0             0  -5.49936e-05             0             0 
   414   1.41515e-05    5.0098e-05             0  -3.50952e-05             0             0             0  -8.51329e-07             0             0 
   415  -0.000401015    -0.0018752             0    0.00153056             0             0             0  -5.63769e-05             0             0 
   416  -0.000375276   -0.00343139             0    0.00314355             0             0             0  -8.74339e-05             0             0 
   417  -3.64105e-05    -1.187e-05             0  -1.69481e-05             0             0             0  -7.59234e-06             0             0 
   418   -0.00131074   -0.00312888             0    0.00191713             0             0             0  -9.89925e-05             0             0 
   419   -0.00125918   -0.00623205             0    0.00513766             0             0             0  -0.000164795             0             0 
   420  -0.000632328  -0.000654237             0   5.94075e-05             0             0             0  -3.74986e-05             0             0 
   421   -0.00375799   -0.00130572             0    -0.0023053             0             0             0  -0.000146974             0             0 
   422   -0.00435783   -0.00467129             0   0.000558936             0             0             0  -0.000245485             0             0 
   423  -0.000416936  -0.000378014             0   8.69308e-05             0             0             0  -0.000125853             0             0 
   424   -0.00331995    0.00267974             0   -0.00574765             0             0             0  -0.000252033             0             0 
   425   -0.00328918     0.0030225             0   -0.00596718             0             0             0  -0.000344502             0             0 
   426    0.00158469    0.00171582             0   3.97793e-05             0             0             0  -0.000170909             0             0 
   427    0.00346329    0.00557552             0    -0.0018816             0             0             0  -0.000230631             0             0 
   428      0.004317     0.0070484             0   -0.00243888             0             0             0  -0.000292508             0             0 
   435  -3.06194e-05   2.92704e-05             0  -5.84549e-05             0             0             0  -1.43498e-06             0             0 
   436    0.00229561   0.000242781             0    0.00207895             0             0             0  -2.61214e-05             0             0 
   437    0.00328401  -4.09241e-05             0    0.00337688             0             0             0  -5.19421e-05             0             0 
   438   1.86305e-05   4.52403e-05             0  -2.59757e-05             0             0             0   -6.3404e-07             0             0 
   439  -0.000452642   -0.00185521             0    0.00143787             0             0             0   -3.5304e-05             0             0 
   440  -0.000865686    -0.0031065             0    0.00229897             0             0             0  -5.81622e-05             0             0 
   441   -1.0328e-06   1.49941e-05             0  -8.68414e-06             0             0             0  -7.34276e-06             0             0 
   442  -0.000571801   -0.00220218             0    0.00169669             0             0             0  -6.63124e-05             0             0 
   443  -0.000779814   -0.00385308             0    0.00317539             0             0             0  -0.000102125             0             0 
   444  -0.000147097  -0.000153819             0   3.29381e-05             0             0             0   -2.6216e-05             0             0 
   445  -0.000853145  -0.000314751             0  -0.000434867             0             0             0  -0.000103526             0             0 
   446   -0.00127282    -0.0017578             0   0.000620729             0             0             0  -0.000135746             0             0 
   447  -0.000104421  -9.31947e-05             0   3.07619e-05             0             0             0  -4.19887e-05             0             0 
   448   -0.00067285    0.00120958             0   -0.00178092             0             0             0  -0.000101512             0             0 
   449  -0.000879648     0.0011902             0    -0.0019559             0             0             0  -0.000113954             0             0 
   450   0.000346668   0.000374208             0    8.3813e-06             0             0             0   -3.5922e-05             0             0 
   451   0.000673902    0.00118981             0   -0.00045191             0             0             0  -6.40019e-05             0             0 
   452    0.00049841    0.00117078             0  -0.000605039             0             0             0  -6.73266e-05             0             0 
