#varID         total       dxdbVol      dxdbSurf          dSdb          dndb    dxdbDirect          dVdb      distance       options          dvdb
    27   7.92495e-06   1.54594e-05             0  -7.16174e-06             0             0             0  -3.72701e-07             0             0 
    28    0.00175361   0.000864219             0   0.000863309             0             0             0   2.60828e-05             0             0 
    30  -2.21744e-06  -6.35528e-06             0   2.47756e-06             0             0             0   1.66028e-06             0             0 
    31  -1.42162e-05   0.000396868             0  -0.000434927             0             0             0   2.38428e-05             0             0 
    33  -0.000199214  -0.000215087             0   1.48307e-05             0             0             0   1.04229e-06             0             0 
    34  -0.000770623   0.000827962             0   -0.00162119             0             0             0   2.26069e-05             0             0 
    36   -0.00148828   -0.00152085             0   3.77065e-05             0             0             0  -5.13511e-06             0             0 
    37   -0.00379624    0.00352794             0    -0.0073327             0             0             0   8.51675e-06             0             0 
    39  -0.000490052  -0.000435051             0   1.81484e-05             0             0             0  -7.31496e-05             0             0 
    40   -0.00143812    0.00381022             0   -0.00522199             0             0             0   -2.6357e-05             0             0 
    42    0.00431599    0.00432679             0   1.19575e-05             0             0             0  -2.27601e-05             0             0 
    43     0.0161621     0.0155686             0   0.000598575             0             0             0  -5.11665e-06             0             0 
    51   2.33897e-05    4.9719e-05             0  -2.57753e-05             0             0             0  -5.54009e-07             0             0 
    52    0.00632871    0.00323526             0    0.00306157             0             0             0   3.18746e-05             0             0 
    54  -3.13923e-05  -4.20155e-05             0   9.47143e-06             0             0             0   1.15177e-06             0             0 
    55  -0.000337184    0.00134305             0   -0.00170268             0             0             0   2.24384e-05             0             0 
    57   -0.00025169  -0.000275411             0   2.94667e-05             0             0             0  -5.74612e-06             0             0 
    58   -0.00173204   0.000968983             0   -0.00270029             0             0             0  -7.37738e-07             0             0 
    60   -0.00126913   -0.00132844             0   6.14013e-05             0             0             0  -2.09485e-06             0             0 
    61   -0.00333323    0.00578874             0   -0.00912046             0             0             0  -1.50883e-06             0             0 
    63  -0.000874985  -0.000872906             0   1.87526e-05             0             0             0  -2.08314e-05             0             0 
    64   -0.00288015    0.00219112             0   -0.00507903             0             0             0    7.7668e-06             0             0 
    66    0.00191619    0.00193895             0   4.15112e-06             0             0             0  -2.69115e-05             0             0 
    67     0.0051571    0.00537542             0  -0.000218982             0             0             0   6.56628e-07             0             0 
   123   1.28986e-05   2.85187e-05             0  -1.48336e-05             0             0             0  -7.86548e-07             0             0 
   124    0.00374023    0.00187801             0    0.00179637             0             0             0    6.5861e-05             0             0 
   125   0.000127658   7.68089e-05             0   4.73213e-05             0             0             0   3.52741e-06             0             0 
   126  -3.81601e-06   -1.5432e-05             0   7.38067e-06             0             0             0   4.23531e-06             0             0 
   127   3.56686e-05   0.000878074             0  -0.000902651             0             0             0   6.02465e-05             0             0 
   128   -0.00030014   -2.3317e-05             0  -0.000280381             0             0             0   3.55827e-06             0             0 
   129  -0.000382027  -0.000421157             0   3.41484e-05             0             0             0   4.98236e-06             0             0 
   130   -0.00123771    0.00193811             0   -0.00323266             0             0             0   5.68374e-05             0             0 
   131   -0.00106156  -3.43369e-05             0   -0.00103049             0             0             0   3.27446e-06             0             0 
   132   -0.00302846   -0.00310414             0   7.97438e-05             0             0             0  -4.06338e-06             0             0 
   133   -0.00736015    0.00721554             0    -0.0146022             0             0             0   2.64894e-05             0             0 
   134   -0.00162627   0.000934682             0   -0.00256195             0             0             0   1.00077e-06             0             0 
   135   -0.00147706   -0.00142337             0   3.86246e-05             0             0             0  -9.23174e-05             0             0 
   136   -0.00268568    0.00792645             0    -0.0105756             0             0             0  -3.64873e-05             0             0 
   137   0.000373023    0.00206413             0   -0.00168357             0             0             0  -7.53244e-06             0             0 
   138    0.00705395     0.0070081             0   2.27909e-05             0             0             0   2.30629e-05             0             0 
   139     0.0275509     0.0261698             0    0.00136733             0             0             0   1.37996e-05             0             0 
   140    0.00249664    0.00306662             0  -0.000571573             0             0             0   1.59123e-06             0             0 
   147   3.27336e-05   8.46388e-05             0   -5.0812e-05             0             0             0   -1.0932e-06             0             0 
   148      0.013083    0.00684237             0    0.00616405             0             0             0    7.6555e-05             0             0 
   149   0.000413149   0.000266745             0   0.000142051             0             0             0   4.35351e-06             0             0 
   150  -6.40294e-05  -9.33167e-05             0   2.62681e-05             0             0             0   3.01917e-06             0             0 
   151  -0.000480832     0.0028772             0   -0.00341307             0             0             0   5.50397e-05             0             0 
   152  -0.000979396  -1.48725e-05             0   -0.00096788             0             0             0   3.35678e-06             0             0 
   153  -0.000433087   -0.00049241             0   6.73207e-05             0             0             0  -7.99726e-06             0             0 
   154   -0.00269266    0.00249568             0    -0.0051914             0             0             0   3.06399e-06             0             0 
   155    -0.0022775  -3.38214e-05             0    -0.0022434             0             0             0  -2.78895e-07             0             0 
   156   -0.00252642   -0.00265092             0   0.000124983             0             0             0  -4.82956e-07             0             0 
   157   -0.00618526     0.0112736             0    -0.0174607             0             0             0    1.8266e-06             0             0 
   158   -0.00227743    0.00120676             0   -0.00348352             0             0             0  -6.78746e-07             0             0 
   159   -0.00202494   -0.00204291             0   3.84312e-05             0             0             0  -2.04658e-05             0             0 
   160   -0.00553631    0.00433946             0   -0.00989461             0             0             0    1.8841e-05             0             0 
   161  -6.37126e-05    0.00142917             0   -0.00149119             0             0             0  -1.69048e-06             0             0 
   162     0.0027871    0.00279789             0    8.3448e-06             0             0             0   -1.9136e-05             0             0 
   163     0.0086642    0.00896044             0  -0.000307743             0             0             0   1.15049e-05             0             0 
   164   0.000814898    0.00102188             0  -0.000204881             0             0             0   -2.1013e-06             0             0 
   219   -4.6547e-05  -1.70788e-05             0  -2.94369e-05             0             0             0  -3.13008e-08             0             0 
   220     0.0048307    0.00236006             0    0.00235487             0             0             0   0.000115768             0             0 
   221    0.00143092   0.000458362             0   0.000941844             0             0             0   3.07176e-05             0             0 
   222  -3.42132e-05  -5.21146e-05             0   1.11482e-05             0             0             0   6.75326e-06             0             0 
   223   6.97403e-05   0.000629911             0  -0.000657741             0             0             0   9.75705e-05             0             0 
   224  -0.000139754  -0.000409879             0   0.000243873             0             0             0    2.6251e-05             0             0 
   225  -0.000353458   -0.00041281             0   4.42391e-05             0             0             0   1.51129e-05             0             0 
   226    -0.0012166    0.00122436             0   -0.00254211             0             0             0   0.000101152             0             0 
   227  -0.000445942  -0.000588836             0   9.24298e-05             0             0             0   5.04644e-05             0             0 
   228   -0.00319554   -0.00333364             0   0.000111038             0             0             0   2.70625e-05             0             0 
   229   -0.00837775    0.00643056             0    -0.0149153             0             0             0   0.000107027             0             0 
   230   -0.00180477    0.00272562             0   -0.00460946             0             0             0   7.90664e-05             0             0 
   231   -0.00198366   -0.00207142             0   8.28237e-05             0             0             0   4.93547e-06             0             0 
   232   -0.00195948      0.010753             0    -0.0127693             0             0             0   5.68277e-05             0             0 
   233   0.000361758    0.00606936             0   -0.00577398             0             0             0   6.63756e-05             0             0 
   234    0.00634319    0.00621256             0   5.02895e-05             0             0             0   8.03421e-05             0             0 
   235     0.0283356     0.0280578             0   0.000223406             0             0             0   5.44446e-05             0             0 
   236    0.00637702    0.00816437             0   -0.00183088             0             0             0    4.3535e-05             0             0 
   243  -9.07639e-05  -2.03016e-05             0   -7.0097e-05             0             0             0  -3.65223e-07             0             0 
   244     0.0145786    0.00772937             0     0.0067348             0             0             0   0.000114383             0             0 
   245    0.00256888   0.000965911             0     0.0015628             0             0             0   4.01685e-05             0             0 
   246  -0.000120652  -0.000165842             0   4.09308e-05             0             0             0   4.25879e-06             0             0 
   247  -0.000272445    0.00228858             0   -0.00263497             0             0             0   7.39399e-05             0             0 
   248   -0.00045355   -0.00085161             0   0.000373506             0             0             0   2.45541e-05             0             0 
   249  -0.000357486  -0.000442641             0   8.58536e-05             0             0             0  -6.99378e-07             0             0 
   250   -0.00228888    0.00131803             0   -0.00362979             0             0             0   2.28786e-05             0             0 
   251  -0.000726794  -0.000926683             0   0.000174844             0             0             0   2.50454e-05             0             0 
   252   -0.00245169   -0.00259109             0    0.00013576             0             0             0   3.63874e-06             0             0 
   253   -0.00676326    0.00869673             0    -0.0154732             0             0             0   1.31636e-05             0             0 
   254   -0.00118721    0.00267917             0   -0.00388855             0             0             0   2.21712e-05             0             0 
   255   -0.00208338   -0.00212833             0   5.67629e-05             0             0             0  -1.18072e-05             0             0 
   256   -0.00533349    0.00463015             0   -0.00994812             0             0             0   -1.5528e-05             0             0 
   257  -0.000519538    0.00303183             0   -0.00354986             0             0             0  -1.51442e-06             0             0 
   258    0.00226539      0.002256             0   1.71775e-05             0             0             0  -7.78409e-06             0             0 
   259    0.00815849    0.00875402             0  -0.000573764             0             0             0  -2.17712e-05             0             0 
   260    0.00157636    0.00234372             0  -0.000758657             0             0             0  -8.70405e-06             0             0 
   315  -0.000159694  -8.03883e-05             0  -8.02502e-05             0             0             0   9.44223e-07             0             0 
   316    0.00545945    0.00201885             0    0.00333913             0             0             0   0.000101467             0             0 
   317     0.0060911    0.00154978             0    0.00451272             0             0             0   2.86139e-05             0             0 
   318  -7.28435e-05  -6.80276e-05             0  -9.50402e-06             0             0             0   4.68814e-06             0             0 
   319  -0.000208998  -0.000548101             0   0.000260641             0             0             0   7.84621e-05             0             0 
   320  -0.000428405   -0.00149962             0    0.00104723             0             0             0   2.39824e-05             0             0 
   321  -0.000285676  -0.000322655             0   2.33103e-05             0             0             0   1.36687e-05             0             0 
   322    -0.0016739   -0.00182502             0    5.8141e-05             0             0             0   9.29708e-05             0             0 
   323   -0.00154802   -0.00421767             0    0.00259038             0             0             0   7.92676e-05             0             0 
   324   -0.00261013    -0.0027824             0     0.0001398             0             0             0   3.24693e-05             0             0 
   325   -0.00890404    0.00125659             0     -0.010275             0             0             0   0.000114351             0             0 
   326   -0.00647345  -0.000365351             0   -0.00623006             0             0             0   0.000121961             0             0 
   327   -0.00245174   -0.00260789             0   0.000147152             0             0             0   9.00515e-06             0             0 
   328   -0.00503408    0.00677365             0    -0.0118096             0             0             0   1.89368e-06             0             0 
   329   -0.00276167     0.0078332             0     -0.010601             0             0             0   6.09035e-06             0             0 
   330    0.00422887    0.00418467             0   8.77091e-05             0             0             0  -4.35128e-05             0             0 
   331     0.0232715     0.0254691             0   -0.00211022             0             0             0  -8.73895e-05             0             0 
   332     0.0145225     0.0182793             0   -0.00365572             0             0             0  -0.000101044             0             0 
   339  -0.000214141  -0.000121088             0  -9.33728e-05             0             0             0   3.19734e-07             0             0 
   340     0.0105442     0.0047718             0    0.00570322             0             0             0    6.9139e-05             0             0 
   341     0.0063431    0.00143524             0    0.00489476             0             0             0   1.30972e-05             0             0 
   342     -0.000147  -0.000162881             0   1.40813e-05             0             0             0   1.79993e-06             0             0 
   343  -0.000545468  -0.000544585             0  -3.71536e-05             0             0             0   3.62701e-05             0             0 
   344   -0.00115704   -0.00257169             0    0.00140799             0             0             0   6.66003e-06             0             0 
   345  -0.000280689  -0.000332582             0    5.2458e-05             0             0             0  -5.65195e-07             0             0 
   346   -0.00201195   -0.00217585             0   0.000153803             0             0             0    1.0093e-05             0             0 
   347   -0.00158351   -0.00378197             0    0.00218018             0             0             0   1.82806e-05             0             0 
   348     -0.001523   -0.00163096             0   0.000119001             0             0             0  -1.10392e-05             0             0 
   349   -0.00521538    0.00282223             0   -0.00800292             0             0             0  -3.46893e-05             0             0 
   350   -0.00282369    0.00139079             0   -0.00420419             0             0             0   -1.0291e-05             0             0 
   351   -0.00133574   -0.00137078             0   7.13476e-05             0             0             0  -3.63075e-05             0             0 
   352   -0.00416916    0.00259129             0   -0.00665079             0             0             0  -0.000109662             0             0 
   353    -0.0018009    0.00329006             0   -0.00501597             0             0             0  -7.49871e-05             0             0 
   354    0.00152666    0.00154155             0   2.38065e-05             0             0             0   -3.8697e-05             0             0 
   355    0.00545268    0.00642319             0  -0.000871252             0             0             0  -9.92566e-05             0             0 
   356    0.00253896    0.00376089             0   -0.00114708             0             0             0  -7.48456e-05             0             0 
   411  -5.59656e-05    3.0722e-05             0  -8.53603e-05             0             0             0   -1.3273e-06             0             0 
   412    0.00338202   0.000845308             0    0.00255854             0             0             0  -2.18332e-05             0             0 
   413    0.00663455    0.00160625             0      0.005073             0             0             0  -4.46947e-05             0             0 
   414  -1.27407e-05   7.73439e-06             0  -1.90364e-05             0             0             0   -1.4387e-06             0             0 
   415  -0.000529892  -0.000661058             0   0.000174872             0             0             0  -4.37067e-05             0             0 
   416  -0.000407103    -0.0012564             0   0.000914958             0             0             0  -6.56555e-05             0             0 
   417  -0.000110702  -9.49129e-05             0  -7.10956e-06             0             0             0  -8.67922e-06             0             0 
   418   -0.00190939   -0.00253202             0    0.00070939             0             0             0  -8.67639e-05             0             0 
   419    -0.0019058   -0.00491516             0    0.00314784             0             0             0  -0.000138479             0             0 
   420   -0.00105105   -0.00106938             0   5.42438e-05             0             0             0  -3.59186e-05             0             0 
   421   -0.00595865   -0.00276864             0   -0.00303192             0             0             0  -0.000158092             0             0 
   422   -0.00678022   -0.00512017             0   -0.00141813             0             0             0  -0.000241915             0             0 
   423    -0.0011117   -0.00105876             0   6.87714e-05             0             0             0  -0.000121705             0             0 
   424   -0.00708623   -0.00235753             0   -0.00443488             0             0             0  -0.000293822             0             0 
   425   -0.00625014  -0.000917257             0   -0.00494596             0             0             0  -0.000386924             0             0 
   426    0.00147674    0.00161411             0   4.00081e-05             0             0             0  -0.000177384             0             0 
   427    0.00336881    0.00496158             0   -0.00131839             0             0             0  -0.000274379             0             0 
   428    0.00544383    0.00765615             0   -0.00185818             0             0             0  -0.000354142             0             0 
   435   -4.6093e-05   7.03343e-06             0   -5.1885e-05             0             0             0  -1.24139e-06             0             0 
   436    0.00262978   0.000632784             0     0.0020163             0             0             0   -1.9309e-05             0             0 
   437     0.0039536   0.000610464             0    0.00338406             0             0             0   -4.0928e-05             0             0 
   438  -2.55991e-05  -1.26734e-05             0  -1.16749e-05             0             0             0  -1.25077e-06             0             0 
   439  -0.000456893  -0.000826799             0   0.000391924             0             0             0  -2.20174e-05             0             0 
   440  -0.000767389   -0.00150435             0   0.000774027             0             0             0  -3.70629e-05             0             0 
   441  -8.13491e-05  -7.31398e-05             0  -6.00432e-07             0             0             0  -7.60879e-06             0             0 
   442  -0.000853715   -0.00165402             0   0.000851937             0             0             0  -5.16285e-05             0             0 
   443   -0.00107422   -0.00304644             0    0.00205252             0             0             0  -8.03039e-05             0             0 
   444  -0.000363379  -0.000371541             0    3.2276e-05             0             0             0  -2.41146e-05             0             0 
   445   -0.00173261  -0.000545372             0   -0.00108695             0             0             0  -0.000100287             0             0 
   446   -0.00218412   -0.00158089             0   -0.00047132             0             0             0  -0.000131903             0             0 
   447  -0.000323259   -0.00030525             0   2.38669e-05             0             0             0   -4.1876e-05             0             0 
   448   -0.00184412   -0.00027385             0   -0.00144939             0             0             0  -0.000120886             0             0 
   449   -0.00179065   6.08384e-05             0   -0.00171674             0             0             0  -0.000134753             0             0 
   450   0.000386948   0.000420237             0   8.02149e-06             0             0             0  -4.13099e-05             0             0 
   451   0.000544185   0.000914847             0  -0.000283956             0             0             0  -8.67069e-05             0             0 
   452   0.000581612     0.0011159             0  -0.000441081             0             0             0  -9.32064e-05             0             0 
