#varID         total       dxdbVol      dxdbSurf          dSdb          dndb    dxdbDirect          dVdb      distance       options          dvdb
    27   8.91509e-06   1.62649e-05             0  -6.97015e-06             0             0             0  -3.79699e-07             0             0 
    28    0.00175157   0.000865175             0   0.000857927             0             0             0    2.8468e-05             0             0 
    30  -3.84898e-06  -8.68583e-06             0   2.99602e-06             0             0             0   1.84083e-06             0             0 
    31  -3.62107e-05   0.000479115             0  -0.000540894             0             0             0   2.55689e-05             0             0 
    33  -0.000208549  -0.000224863             0   1.51672e-05             0             0             0   1.14702e-06             0             0 
    34  -0.000825667   0.000927748             0   -0.00177633             0             0             0   2.29192e-05             0             0 
    36   -0.00141386    -0.0014443             0    3.6109e-05             0             0             0  -5.67283e-06             0             0 
    37   -0.00374973    0.00340931             0   -0.00716457             0             0             0   5.53581e-06             0             0 
    39  -0.000392692  -0.000338789             0   1.64528e-05             0             0             0  -7.03557e-05             0             0 
    40   -0.00147375    0.00326374             0    -0.0047114             0             0             0   -2.6089e-05             0             0 
    42    0.00410679    0.00412386             0   1.34795e-05             0             0             0  -3.05448e-05             0             0 
    43     0.0159955     0.0152238             0   0.000780449             0             0             0  -8.66871e-06             0             0 
    51    2.7944e-05   5.34305e-05             0  -2.49178e-05             0             0             0  -5.68613e-07             0             0 
    52    0.00631085    0.00323898             0    0.00303676             0             0             0   3.51057e-05             0             0 
    54  -3.72912e-05  -5.01583e-05             0    1.1523e-05             0             0             0     1.344e-06             0             0 
    55  -0.000436461    0.00163886             0   -0.00209993             0             0             0   2.46059e-05             0             0 
    57  -0.000289892  -0.000314982             0   3.05391e-05             0             0             0  -5.44878e-06             0             0 
    58   -0.00190981    0.00120404             0    -0.0031142             0             0             0   3.53146e-07             0             0 
    60   -0.00122611   -0.00128429             0      5.99e-05             0             0             0  -1.72663e-06             0             0 
    61   -0.00335806    0.00576944             0   -0.00912708             0             0             0  -4.24983e-07             0             0 
    63  -0.000763768  -0.000760532             0   1.70067e-05             0             0             0  -2.02431e-05             0             0 
    64    -0.0027897    0.00190428             0   -0.00470349             0             0             0   9.50532e-06             0             0 
    66    0.00190325    0.00192758             0   4.46152e-06             0             0             0  -2.87884e-05             0             0 
    67    0.00516079    0.00525215             0  -9.00948e-05             0             0             0  -1.26048e-06             0             0 
   123   1.39449e-05   2.91128e-05             0  -1.43232e-05             0             0             0  -8.44706e-07             0             0 
   124    0.00374113    0.00189131             0    0.00177782             0             0             0    7.2004e-05             0             0 
   125   0.000122259   7.43952e-05             0   4.41787e-05             0             0             0   3.68513e-06             0             0 
   126  -5.52507e-06  -1.88505e-05             0   8.64669e-06             0             0             0    4.6787e-06             0             0 
   127   4.80874e-06    0.00108466             0   -0.00114379             0             0             0   6.39378e-05             0             0 
   128  -0.000312183  -2.10711e-05             0  -0.000294795             0             0             0   3.68387e-06             0             0 
   129  -0.000402703  -0.000442481             0   3.48017e-05             0             0             0   4.97552e-06             0             0 
   130   -0.00132963    0.00219379             0   -0.00357955             0             0             0   5.61276e-05             0             0 
   131   -0.00105267  -1.59753e-05             0   -0.00103993             0             0             0   3.24187e-06             0             0 
   132   -0.00293443   -0.00300492             0    7.5776e-05             0             0             0  -5.28753e-06             0             0 
   133   -0.00747341    0.00678824             0    -0.0142798             0             0             0   1.81773e-05             0             0 
   134   -0.00156431   0.000887568             0   -0.00245251             0             0             0   6.37939e-07             0             0 
   135   -0.00136976   -0.00131873             0   3.46911e-05             0             0             0   -8.5723e-05             0             0 
   136   -0.00293464    0.00658354             0   -0.00948036             0             0             0  -3.78178e-05             0             0 
   137   0.000333824    0.00191944             0   -0.00157873             0             0             0    -6.886e-06             0             0 
   138    0.00665533    0.00663338             0   2.55438e-05             0             0             0  -3.59355e-06             0             0 
   139     0.0271394     0.0253775             0    0.00175861             0             0             0   3.20571e-06             0             0 
   140    0.00235872    0.00299917             0  -0.000639843             0             0             0   -6.1089e-07             0             0 
   147   3.64495e-05   8.62916e-05             0  -4.86449e-05             0             0             0  -1.19713e-06             0             0 
   148     0.0130719    0.00689974             0    0.00608707             0             0             0   8.51146e-05             0             0 
   149   0.000392997   0.000257236             0   0.000131137             0             0             0   4.62481e-06             0             0 
   150  -7.29427e-05  -0.000107551             0    3.1131e-05             0             0             0   3.47774e-06             0             0 
   151  -0.000625068    0.00360368             0   -0.00428859             0             0             0   5.98506e-05             0             0 
   152   -0.00103005  -1.30207e-05             0   -0.00102058             0             0             0   3.54594e-06             0             0 
   153  -0.000508667  -0.000570523             0   6.94334e-05             0             0             0   -7.5776e-06             0             0 
   154   -0.00297394    0.00308841             0   -0.00606703             0             0             0   4.68972e-06             0             0 
   155   -0.00228295  -8.16424e-06             0   -0.00227456             0             0             0  -2.25115e-07             0             0 
   156      -0.00251   -0.00263158             0   0.000121216             0             0             0   3.66445e-07             0             0 
   157    -0.0064905     0.0110363             0    -0.0175307             0             0             0    3.8949e-06             0             0 
   158   -0.00218903    0.00118996             0   -0.00337848             0             0             0  -5.08822e-07             0             0 
   159   -0.00188056   -0.00189664             0   3.44792e-05             0             0             0  -1.83968e-05             0             0 
   160   -0.00555015    0.00354745             0   -0.00912006             0             0             0    2.2457e-05             0             0 
   161  -3.92323e-05    0.00134226             0   -0.00138021             0             0             0    -1.282e-06             0             0 
   162    0.00271758    0.00273187             0   8.91409e-06             0             0             0   -2.3202e-05             0             0 
   163    0.00859255    0.00862593             0   -4.1074e-05             0             0             0   7.69664e-06             0             0 
   164   0.000776088   0.000988828             0  -0.000210433             0             0             0  -2.30646e-06             0             0 
   219  -4.59158e-05  -1.75043e-05             0  -2.84146e-05             0             0             0   3.09547e-09             0             0 
   220    0.00484639    0.00240012             0    0.00231948             0             0             0   0.000126792             0             0 
   221    0.00146357   0.000497621             0   0.000928067             0             0             0   3.78778e-05             0             0 
   222  -3.35164e-05  -5.47836e-05             0   1.36346e-05             0             0             0   7.63261e-06             0             0 
   223   7.37581e-05   0.000957245             0  -0.000988029             0             0             0   0.000104541             0             0 
   224  -0.000127374  -0.000289646             0   0.000130682             0             0             0   3.15907e-05             0             0 
   225  -0.000384379  -0.000445652             0   4.62541e-05             0             0             0   1.50188e-05             0             0 
   226   -0.00126849    0.00164138             0   -0.00300961             0             0             0   9.97371e-05             0             0 
   227  -0.000456055  -0.000428244             0   -7.9376e-05             0             0             0   5.15644e-05             0             0 
   228   -0.00320611   -0.00333555             0    0.00010612             0             0             0   2.33211e-05             0             0 
   229   -0.00881337    0.00580796             0     -0.014715             0             0             0   9.36535e-05             0             0 
   230   -0.00195668    0.00259632             0   -0.00462695             0             0             0   7.39463e-05             0             0 
   231   -0.00204293   -0.00212224             0   7.62895e-05             0             0             0   3.02056e-06             0             0 
   232   -0.00268952    0.00872622             0     -0.011467             0             0             0   5.12472e-05             0             0 
   233   0.000149094    0.00544998             0   -0.00536494             0             0             0   6.40514e-05             0             0 
   234    0.00600005     0.0058895             0   5.24721e-05             0             0             0   5.80759e-05             0             0 
   235       0.02854     0.0278183             0   0.000674267             0             0             0   4.73799e-05             0             0 
   236    0.00654193     0.0081594             0   -0.00165985             0             0             0   4.23697e-05             0             0 
   243  -8.87194e-05  -2.11601e-05             0  -6.71379e-05             0             0             0   -4.2146e-07             0             0 
   244      0.014599     0.0078472             0    0.00662439             0             0             0    0.00012736             0             0 
   245     0.0026424    0.00106252             0    0.00153251             0             0             0   4.73709e-05             0             0 
   246  -0.000122199  -0.000175128             0   4.78899e-05             0             0             0    5.0384e-06             0             0 
   247  -0.000311893    0.00323198             0   -0.00362573             0             0             0   8.18568e-05             0             0 
   248  -0.000412649  -0.000631012             0   0.000188347             0             0             0   3.00165e-05             0             0 
   249  -0.000439126   -0.00052891             0   8.99656e-05             0             0             0  -1.81126e-07             0             0 
   250   -0.00243962    0.00211785             0   -0.00458269             0             0             0   2.52286e-05             0             0 
   251  -0.000734647  -0.000702495             0  -5.92422e-05             0             0             0   2.70904e-05             0             0 
   252   -0.00253441    -0.0026718             0   0.000132495             0             0             0    4.8923e-06             0             0 
   253   -0.00728353    0.00841927             0     -0.015719             0             0             0   1.61752e-05             0             0 
   254   -0.00132339    0.00265828             0   -0.00400358             0             0             0   2.19086e-05             0             0 
   255   -0.00204076   -0.00208318             0   5.16408e-05             0             0             0  -9.22446e-06             0             0 
   256   -0.00566882    0.00349941             0   -0.00915872             0             0             0  -9.51769e-06             0             0 
   257  -0.000634534    0.00270555             0   -0.00333908             0             0             0  -1.00538e-06             0             0 
   258    0.00221619    0.00220864             0   1.75225e-05             0             0             0  -9.97889e-06             0             0 
   259    0.00819461    0.00851302             0  -0.000295598             0             0             0  -2.28088e-05             0             0 
   260    0.00161345     0.0023048             0  -0.000682515             0             0             0  -8.82664e-06             0             0 
   315  -0.000158838  -8.20158e-05             0  -7.79928e-05             0             0             0   1.17091e-06             0             0 
   316    0.00544113    0.00203401             0      0.003294             0             0             0   0.000113122             0             0 
   317     0.0060734    0.00154306             0    0.00448527             0             0             0   4.50732e-05             0             0 
   318  -7.99969e-05  -8.09605e-05             0  -4.56776e-06             0             0             0   5.53133e-06             0             0 
   319  -0.000239671  -0.000158871             0  -0.000167165             0             0             0    8.6365e-05             0             0 
   320  -0.000517074   -0.00110215             0   0.000549684             0             0             0   3.53939e-05             0             0 
   321  -0.000323471  -0.000364573             0   2.72128e-05             0             0             0    1.3889e-05             0             0 
   322   -0.00173107   -0.00135573             0  -0.000468412             0             0             0    9.3074e-05             0             0 
   323   -0.00160868   -0.00373736             0    0.00204663             0             0             0   8.20537e-05             0             0 
   324   -0.00269883   -0.00286368             0   0.000135227             0             0             0   2.96284e-05             0             0 
   325   -0.00950441   0.000803538             0    -0.0104125             0             0             0   0.000104525             0             0 
   326   -0.00668976  -0.000162173             0    -0.0066421             0             0             0   0.000114512             0             0 
   327   -0.00263191   -0.00277984             0   0.000137999             0             0             0   9.93139e-06             0             0 
   328   -0.00638488      0.004398             0    -0.0107842             0             0             0   1.34358e-06             0             0 
   329   -0.00319908    0.00672884             0   -0.00993582             0             0             0   7.89389e-06             0             0 
   330    0.00389408    0.00384314             0   8.88702e-05             0             0             0  -3.79271e-05             0             0 
   331      0.023151     0.0249542             0   -0.00172275             0             0             0  -8.04104e-05             0             0 
   332     0.0148449     0.0182633             0   -0.00332725             0             0             0  -9.11424e-05             0             0 
   339   -0.00020815  -0.000118582             0  -8.99546e-05             0             0             0   3.86851e-07             0             0 
   340     0.0105419    0.00484666             0    0.00561913             0             0             0   7.61356e-05             0             0 
   341    0.00643742    0.00157282             0    0.00484433             0             0             0   2.02789e-05             0             0 
   342  -0.000155685  -0.000180189             0   2.23472e-05             0             0             0   2.15665e-06             0             0 
   343  -0.000569531   0.000177715             0  -0.000787636             0             0             0   4.03907e-05             0             0 
   344    -0.0011931   -0.00208234             0   0.000877536             0             0             0    1.1702e-05             0             0 
   345  -0.000345597  -0.000403275             0   5.79256e-05             0             0             0  -2.47858e-07             0             0 
   346   -0.00210391   -0.00157204             0  -0.000543441             0             0             0   1.15712e-05             0             0 
   347   -0.00166596   -0.00338142             0    0.00169483             0             0             0   2.06303e-05             0             0 
   348   -0.00164096   -0.00174901             0   0.000117237             0             0             0  -9.18453e-06             0             0 
   349   -0.00570257     0.0026989             0   -0.00837129             0             0             0  -3.01779e-05             0             0 
   350   -0.00303273    0.00156583             0   -0.00459006             0             0             0  -8.51196e-06             0             0 
   351   -0.00139205   -0.00142655             0   6.62114e-05             0             0             0  -3.17195e-05             0             0 
   352   -0.00475958    0.00153059             0   -0.00618827             0             0             0    -0.0001019             0             0 
   353   -0.00203256    0.00281372             0   -0.00477464             0             0             0  -7.16294e-05             0             0 
   354    0.00147312      0.001485             0   2.37694e-05             0             0             0  -3.56536e-05             0             0 
   355    0.00535935    0.00614081             0  -0.000685032             0             0             0  -9.64299e-05             0             0 
   356    0.00259065      0.003694             0   -0.00103008             0             0             0   -7.3273e-05             0             0 
   411  -5.56513e-05   2.94489e-05             0  -8.35865e-05             0             0             0  -1.51373e-06             0             0 
   412    0.00326661   0.000757639             0    0.00253489             0             0             0  -2.59162e-05             0             0 
   413    0.00640163    0.00137632             0    0.00508014             0             0             0  -5.48283e-05             0             0 
   414  -2.15794e-05  -4.39483e-06             0   -1.5508e-05             0             0             0  -1.67662e-06             0             0 
   415  -0.000641509  -0.000480787             0  -0.000117008             0             0             0  -4.37137e-05             0             0 
   416  -0.000625776  -0.000983336             0   0.000426439             0             0             0  -6.88793e-05             0             0 
   417  -0.000123059  -0.000109661             0  -4.76675e-06             0             0             0  -8.63126e-06             0             0 
   418   -0.00196184   -0.00230977             0   0.000429487             0             0             0   -8.1557e-05             0             0 
   419    -0.0019709   -0.00453379             0    0.00269402             0             0             0  -0.000131131             0             0 
   420   -0.00104865   -0.00106963             0   5.33045e-05             0             0             0    -3.233e-05             0             0 
   421   -0.00606308   -0.00270933             0    -0.0032078             0             0             0  -0.000145956             0             0 
   422   -0.00668762   -0.00461142             0   -0.00185695             0             0             0   -0.00021925             0             0 
   423   -0.00110598   -0.00106203             0   6.45549e-05             0             0             0  -0.000108506             0             0 
   424   -0.00752006   -0.00312409             0   -0.00412181             0             0             0  -0.000274158             0             0 
   425   -0.00630841   -0.00127224             0   -0.00467902             0             0             0  -0.000357151             0             0 
   426      0.001383    0.00150338             0   3.99532e-05             0             0             0  -0.000160336             0             0 
   427    0.00310478    0.00454763             0    -0.0011845             0             0             0  -0.000258351             0             0 
   428    0.00550114     0.0075442             0   -0.00170889             0             0             0  -0.000334163             0             0 
   435  -4.45177e-05   7.31277e-06             0  -5.03958e-05             0             0             0  -1.43471e-06             0             0 
   436    0.00255506   0.000581451             0    0.00200077             0             0             0  -2.71672e-05             0             0 
   437    0.00382255   0.000497855             0    0.00338122             0             0             0  -5.65283e-05             0             0 
   438   -3.5884e-05  -2.56222e-05             0  -8.53892e-06             0             0             0   -1.7229e-06             0             0 
   439  -0.000529873  -0.000665883             0   0.000163527             0             0             0  -2.75159e-05             0             0 
   440  -0.000924591   -0.00131286             0   0.000436187             0             0             0  -4.79197e-05             0             0 
   441  -9.79162e-05  -9.11989e-05             0   1.27055e-06             0             0             0  -7.98789e-06             0             0 
   442  -0.000903588   -0.00150919             0   0.000658027             0             0             0  -5.24269e-05             0             0 
   443   -0.00116129   -0.00286978             0     0.0017911             0             0             0  -8.26132e-05             0             0 
   444  -0.000386784  -0.000396616             0   3.22656e-05             0             0             0  -2.24339e-05             0             0 
   445   -0.00184048  -0.000507106             0   -0.00123879             0             0             0  -9.45831e-05             0             0 
   446   -0.00221901   -0.00136966             0  -0.000725251             0             0             0  -0.000124101             0             0 
   447   -0.00033536  -0.000319939             0   2.23014e-05             0             0             0  -3.77231e-05             0             0 
   448   -0.00202971  -0.000546121             0   -0.00136936             0             0             0  -0.000114227             0             0 
   449   -0.00187524  -8.94434e-05             0   -0.00165875             0             0             0  -0.000127053             0             0 
   450   0.000372436   0.000402485             0    7.8947e-06             0             0             0  -3.79439e-05             0             0 
   451   0.000456274   0.000781289             0  -0.000241468             0             0             0  -8.35469e-05             0             0 
   452   0.000569366     0.0010596             0  -0.000399776             0             0             0  -9.04552e-05             0             0 
