#varID         total       dxdbVol      dxdbSurf          dSdb          dndb    dxdbDirect          dVdb      distance       options          dvdb
    27  -4.84639e-06   5.23482e-06             0    -1.018e-05             0             0             0   9.88067e-08             0             0 
    28    0.00187063   0.000853808             0    0.00101876             0             0             0  -1.93839e-06             0             0 
    30   4.91615e-06   8.73388e-06             0  -4.32707e-06             0             0             0   5.09341e-07             0             0 
    31   0.000450322  -0.000538278             0   0.000983336             0             0             0    5.2644e-06             0             0 
    33   0.000104455    8.9748e-05             0   1.61099e-05             0             0             0  -1.40251e-06             0             0 
    34   0.000980582    0.00187038             0  -0.000896812             0             0             0   7.00998e-06             0             0 
    36    0.00128828    0.00122804             0   4.96481e-05             0             0             0   1.05869e-05             0             0 
    37    0.00352905     0.0117855             0   -0.00827813             0             0             0   2.17088e-05             0             0 
    39    0.00118561    0.00113466             0   2.99427e-05             0             0             0    2.1003e-05             0             0 
    40    0.00158036    0.00937425             0   -0.00782121             0             0             0   2.73191e-05             0             0 
    42  -0.000882039  -0.000956782             0   5.58794e-06             0             0             0   6.91552e-05             0             0 
    43   -0.00267323   -0.00121189             0   -0.00150065             0             0             0   3.93193e-05             0             0 
    51   1.02274e-05   4.95106e-05             0  -3.93859e-05             0             0             0   1.02719e-07             0             0 
    52    0.00687851    0.00314293             0    0.00374327             0             0             0  -7.68934e-06             0             0 
    54  -2.36862e-05  -4.40954e-06             0  -1.94998e-05             0             0             0   2.23121e-07             0             0 
    55     0.0013257    -0.0025625             0    0.00388914             0             0             0  -9.32446e-07             0             0 
    57   0.000231648   0.000206445             0    3.0649e-05             0             0             0  -5.44648e-06             0             0 
    58    0.00203489    0.00248875             0  -0.000446768             0             0             0   -7.0867e-06             0             0 
    60    0.00148526    0.00140722             0   7.47125e-05             0             0             0   3.32683e-06             0             0 
    61    0.00485783     0.0141837             0    -0.0093313             0             0             0    5.4337e-06             0             0 
    63    0.00136835    0.00133321             0   3.01708e-05             0             0             0   4.97168e-06             0             0 
    64    0.00231884    0.00923439             0   -0.00692617             0             0             0   1.06218e-05             0             0 
    66  -0.000140965  -0.000154444             0   3.28809e-06             0             0             0   1.01908e-05             0             0 
    67   -0.00100329   0.000181859             0   -0.00119942             0             0             0   1.42749e-05             0             0 
   123  -5.11143e-05  -2.83306e-05             0  -2.28886e-05             0             0             0   1.04819e-07             0             0 
   124    0.00391701    0.00168183             0    0.00222214             0             0             0   1.30373e-05             0             0 
   125   0.000206218   8.82893e-05             0   0.000116365             0             0             0   1.56319e-06             0             0 
   126   5.50546e-06   1.32004e-05             0  -1.03393e-05             0             0             0   2.64433e-06             0             0 
   127   0.000940477    -0.0015159             0    0.00239685             0             0             0   5.95257e-05             0             0 
   128  -0.000151182  -0.000129841             0  -2.70773e-05             0             0             0   5.73613e-06             0             0 
   129   0.000215055   0.000148048             0   3.56474e-05             0             0             0   3.13592e-05             0             0 
   130    0.00176416    0.00312769             0   -0.00153083             0             0             0   0.000167301             0             0 
   131   -0.00115158  -8.58828e-05             0   -0.00108069             0             0             0   1.49927e-05             0             0 
   132    0.00259117    0.00227735             0   0.000109232             0             0             0   0.000204596             0             0 
   133    0.00960866     0.0257374             0     -0.016588             0             0             0   0.000459226             0             0 
   134   -0.00166061    0.00159182             0   -0.00328758             0             0             0     3.516e-05             0             0 
   135   0.000501576   0.000304423             0   6.25607e-05             0             0             0   0.000134592             0             0 
   136     0.0029926     0.0184686             0    -0.0156986             0             0             0   0.000222592             0             0 
   137  -0.000539819     0.0016377             0   -0.00219379             0             0             0   1.62739e-05             0             0 
   138   -0.00338715   -0.00345203             0   8.17243e-06             0             0             0   5.67069e-05             0             0 
   139   -0.00766713    -0.0046203             0   -0.00304406             0             0             0  -2.77227e-06             0             0 
   140  -0.000406207  -4.04012e-05             0  -0.000367661             0             0             0   1.85528e-06             0             0 
   147   -0.00011182  -2.63026e-05             0  -8.54599e-05             0             0             0  -5.78856e-08             0             0 
   148     0.0137411    0.00582926             0    0.00790623             0             0             0   5.57185e-06             0             0 
   149   0.000704519   0.000310705             0   0.000391895             0             0             0   1.91791e-06             0             0 
   150  -3.39329e-05   1.00996e-05             0  -4.55822e-05             0             0             0   1.54969e-06             0             0 
   151    0.00260413   -0.00654492             0     0.0090991             0             0             0   4.99565e-05             0             0 
   152  -0.000364051  -0.000385418             0   1.53578e-05             0             0             0   6.00833e-06             0             0 
   153   0.000624684   0.000551581             0   6.62707e-05             0             0             0   6.83274e-06             0             0 
   154    0.00356822    0.00371813             0  -0.000213556             0             0             0   6.36471e-05             0             0 
   155   -0.00233363  -0.000122205             0   -0.00221852             0             0             0   7.09831e-06             0             0 
   156     0.0030099    0.00286005             0   0.000155851             0             0             0  -6.00144e-06             0             0 
   157     0.0114254     0.0292625             0     -0.017821             0             0             0  -1.60669e-05             0             0 
   158   -0.00269018     0.0016458             0   -0.00433415             0             0             0  -1.83562e-06             0             0 
   159     0.0011393     0.0012338             0   6.40219e-05             0             0             0  -0.000158517             0             0 
   160    0.00367014     0.0175343             0    -0.0135866             0             0             0   -0.00027753             0             0 
   161  -0.000700657    0.00137029             0   -0.00204947             0             0             0  -2.14729e-05             0             0 
   162   -0.00148418   -0.00141641             0   4.80999e-06             0             0             0  -7.25776e-05             0             0 
   163   -0.00367309   -0.00131443             0   -0.00225183             0             0             0  -0.000106824             0             0 
   164  -0.000677569  -0.000426118             0  -0.000244165             0             0             0  -7.28631e-06             0             0 
   219  -0.000238953  -0.000195369             0  -4.42685e-05             0             0             0   6.84859e-07             0             0 
   220    0.00468708     0.0015116             0    0.00304303             0             0             0   0.000132456             0             0 
   221   0.000615878  -0.000614341             0    0.00115821             0             0             0   7.20074e-05             0             0 
   222  -4.20134e-07   2.27419e-05             0  -2.44639e-05             0             0             0    1.3018e-06             0             0 
   223   0.000721721   -0.00341449             0     0.0039108             0             0             0   0.000225404             0             0 
   224  -0.000471809   -0.00235019             0    0.00179551             0             0             0   8.28784e-05             0             0 
   225   0.000497577   0.000403377             0   3.18263e-05             0             0             0   6.23728e-05             0             0 
   226    0.00130766    0.00056985             0   0.000352083             0             0             0   0.000385731             0             0 
   227  -0.000209486   -0.00152531             0    0.00121603             0             0             0   9.97897e-05             0             0 
   228     0.0025854    0.00220146             0   0.000155112             0             0             0   0.000228824             0             0 
   229    0.00894072     0.0250091             0    -0.0166618             0             0             0   0.000593391             0             0 
   230    0.00121477     0.0061666             0   -0.00506881             0             0             0    0.00011698             0             0 
   231   0.000415931   0.000208394             0   0.000124443             0             0             0   8.30946e-05             0             0 
   232     0.0043516     0.0246036             0    -0.0203995             0             0             0   0.000147461             0             0 
   233   0.000860322    0.00895403             0   -0.00814121             0             0             0   4.74974e-05             0             0 
   234   -0.00232574   -0.00233395             0   3.04926e-05             0             0             0  -2.22859e-05             0             0 
   235   -0.00282374    0.00103423             0   -0.00380305             0             0             0  -5.49256e-05             0             0 
   236  -6.91617e-05    0.00202022             0   -0.00208751             0             0             0  -1.87121e-06             0             0 
   243  -0.000603325  -0.000488812             0  -0.000114953             0             0             0   4.40316e-07             0             0 
   244     0.0147262    0.00562678             0    0.00896344             0             0             0   0.000135975             0             0 
   245    0.00132094  -0.000862322             0    0.00207586             0             0             0   0.000107408             0             0 
   246  -2.41027e-05   4.20851e-05             0  -6.28803e-05             0             0             0  -3.30747e-06             0             0 
   247    0.00178489   -0.00990107             0     0.0114949             0             0             0   0.000191068             0             0 
   248   -0.00155242   -0.00466414             0    0.00301263             0             0             0   9.90912e-05             0             0 
   249     0.0012364    0.00116973             0   5.89001e-05             0             0             0   7.77507e-06             0             0 
   250    0.00185818  -0.000855747             0    0.00259621             0             0             0    0.00011771             0             0 
   251   -0.00117473   -0.00283063             0    0.00159732             0             0             0   5.85727e-05             0             0 
   252    0.00314142    0.00304132             0   0.000166536             0             0             0  -6.64397e-05             0             0 
   253    0.00910724     0.0240376             0    -0.0147654             0             0             0  -0.000164915             0             0 
   254    0.00137653    0.00525517             0    -0.0038824             0             0             0   3.75877e-06             0             0 
   255   0.000560993   0.000706759             0   9.36629e-05             0             0             0  -0.000239428             0             0 
   256     0.0026215     0.0177818             0    -0.0147187             0             0             0  -0.000441558             0             0 
   257   0.000878349    0.00592588             0   -0.00501207             0             0             0  -3.54615e-05             0             0 
   258   -0.00117571   -0.00108873             0    1.1915e-05             0             0             0   -9.8898e-05             0             0 
   259   -0.00217358   0.000427083             0   -0.00245702             0             0             0  -0.000143642             0             0 
   260   -0.00032372   0.000567895             0  -0.000874962             0             0             0  -1.66526e-05             0             0 
   315  -0.000520507   -0.00041097             0  -0.000110729             0             0             0   1.19151e-06             0             0 
   316    0.00354414  -0.000718567             0    0.00412562             0             0             0   0.000137081             0             0 
   317    0.00193816   -0.00310001             0    0.00497205             0             0             0   6.61302e-05             0             0 
   318  -8.86795e-06   7.11021e-05             0  -7.78368e-05             0             0             0  -2.13329e-06             0             0 
   319   2.04899e-05   -0.00645561             0    0.00629755             0             0             0   0.000178556             0             0 
   320  -0.000728743   -0.00868369             0    0.00787303             0             0             0   8.19164e-05             0             0 
   321   0.000291493   0.000270533             0  -5.17219e-06             0             0             0   2.61329e-05             0             0 
   322   0.000487082   -0.00409338             0    0.00436045             0             0             0   0.000220008             0             0 
   323   0.000590485   -0.00679737             0    0.00727476             0             0             0     0.0001131             0             0 
   324    0.00151332    0.00124256             0   0.000199006             0             0             0   7.17522e-05             0             0 
   325    0.00368953     0.0130771             0    -0.0096125             0             0             0    0.00022491             0             0 
   326    0.00126058    0.00458566             0   -0.00345613             0             0             0   0.000131057             0             0 
   327    0.00221752    0.00202944             0   0.000220938             0             0             0  -3.28576e-05             0             0 
   328    0.00506869     0.0246358             0    -0.0195361             0             0             0  -3.09352e-05             0             0 
   329    0.00153659     0.0180052             0    -0.0164435             0             0             0  -2.51299e-05             0             0 
   330    0.00221053    0.00231382             0   6.65218e-05             0             0             0  -0.000169813             0             0 
   331    0.00720846     0.0122084             0   -0.00483031             0             0             0  -0.000169582             0             0 
   332    0.00443308     0.0103262             0   -0.00575115             0             0             0   -0.00014194             0             0 
   339  -0.000824627  -0.000681963             0  -0.000142352             0             0             0  -3.12234e-07             0             0 
   340    0.00856503     0.0011799             0    0.00730906             0             0             0   7.60653e-05             0             0 
   341    0.00141136   -0.00416838             0    0.00555317             0             0             0    2.6574e-05             0             0 
   342   6.51279e-05   0.000172573             0  -0.000104727             0             0             0  -2.71784e-06             0             0 
   343  -0.000363103    -0.0110456             0     0.0106111             0             0             0   7.14304e-05             0             0 
   344   -0.00311343    -0.0117701             0    0.00862181             0             0             0   3.48091e-05             0             0 
   345   0.000594843   0.000592867             0   7.04987e-06             0             0             0  -5.07383e-06             0             0 
   346  -0.000438436   -0.00619468             0    0.00575437             0             0             0   1.87543e-06             0             0 
   347  -0.000866806   -0.00699451             0    0.00609985             0             0             0    2.7853e-05             0             0 
   348    0.00160434    0.00149909             0   0.000149006             0             0             0  -4.37564e-05             0             0 
   349     0.0034287    0.00922467             0   -0.00567491             0             0             0  -0.000121059             0             0 
   350    0.00143751    0.00342081             0   -0.00197127             0             0             0  -1.20354e-05             0             0 
   351   0.000991791   0.000977568             0   0.000116154             0             0             0  -0.000101931             0             0 
   352    0.00200655     0.0124187             0    -0.0102194             0             0             0  -0.000192737             0             0 
   353   0.000425105    0.00794836             0    -0.0074586             0             0             0  -6.46609e-05             0             0 
   354   0.000437804   0.000491962             0   2.00019e-05             0             0             0  -7.41605e-05             0             0 
   355    0.00119787    0.00335538             0    -0.0020576             0             0             0  -9.99089e-05             0             0 
   356   0.000521862    0.00246663             0   -0.00188607             0             0             0   -5.8692e-05             0             0 
   411  -0.000297089  -0.000185818             0  -0.000108601             0             0             0  -2.67061e-06             0             0 
   412    0.00158825   -0.00130288             0    0.00294636             0             0             0  -5.52292e-05             0             0 
   413    0.00280914   -0.00229795             0    0.00520567             0             0             0  -9.85756e-05             0             0 
   414   -4.1239e-05   2.29572e-05             0  -6.65972e-05             0             0             0   2.40108e-06             0             0 
   415  -0.000242912   -0.00457693             0    0.00440397             0             0             0  -6.99477e-05             0             0 
   416  -6.09509e-05   -0.00766946             0    0.00772039             0             0             0  -0.000111883             0             0 
   417  -8.32378e-05  -5.69167e-05             0  -2.38757e-05             0             0             0  -2.44534e-06             0             0 
   418  -0.000660189    -0.0039089             0    0.00333404             0             0             0  -8.53258e-05             0             0 
   419  -5.97965e-05   -0.00743708             0    0.00752114             0             0             0  -0.000143851             0             0 
   420  -0.000105975  -0.000146696             0   7.47199e-05             0             0             0  -3.39983e-05             0             0 
   421   -0.00158122    0.00022853             0   -0.00170128             0             0             0  -0.000108468             0             0 
   422   -0.00102116   -0.00358333             0    0.00274412             0             0             0   -0.00018195             0             0 
   423    0.00104563    0.00109379             0   0.000110997             0             0             0  -0.000159158             0             0 
   424  -0.000286106    0.00721196             0   -0.00724153             0             0             0  -0.000256542             0             0 
   425  -0.000585384    0.00699219             0   -0.00728912             0             0             0  -0.000288452             0             0 
   426     0.0023881    0.00259106             0   3.62967e-05             0             0             0  -0.000239265             0             0 
   427    0.00342606    0.00606502             0   -0.00235155             0             0             0   -0.00028741             0             0 
   428    0.00270661    0.00597526             0   -0.00299719             0             0             0  -0.000271462             0             0 
   435  -0.000282542  -0.000206593             0  -7.17571e-05             0             0             0  -4.19195e-06             0             0 
   436   0.000638205   -0.00157632             0    0.00229815             0             0             0  -8.36273e-05             0             0 
   437   0.000348498   -0.00296395             0    0.00345634             0             0             0  -0.000143887             0             0 
   438   6.84904e-05   0.000117338             0  -5.48273e-05             0             0             0   5.97954e-06             0             0 
   439   -0.00078761   -0.00436522             0    0.00366006             0             0             0  -8.24442e-05             0             0 
   440   -0.00133093   -0.00665957             0    0.00545083             0             0             0  -0.000122186             0             0 
   441  -4.41527e-06   1.32208e-05             0  -1.54427e-05             0             0             0  -2.19337e-06             0             0 
   442  -0.000489563   -0.00311112             0    0.00269617             0             0             0  -7.46173e-05             0             0 
   443  -0.000188133   -0.00456375             0    0.00448126             0             0             0  -0.000105647             0             0 
   444   4.12576e-05   2.51621e-05             0   3.94198e-05             0             0             0  -2.33244e-05             0             0 
   445  -6.18494e-05  -0.000126528             0   0.000145564             0             0             0  -8.08854e-05             0             0 
   446   0.000113516   -0.00138418             0    0.00160039             0             0             0  -0.000102703             0             0 
   447   0.000228104    0.00024207             0   4.03332e-05             0             0             0  -5.42992e-05             0             0 
   448   0.000119589    0.00238156             0   -0.00216163             0             0             0  -0.000100339             0             0 
   449  -8.35951e-05    0.00242803             0   -0.00241331             0             0             0  -9.83184e-05             0             0 
   450    0.00038953   0.000438253             0   7.91925e-06             0             0             0  -5.66419e-05             0             0 
   451   0.000590625    0.00123659             0  -0.000567033             0             0             0  -7.89358e-05             0             0 
   452   0.000306132    0.00115536             0  -0.000783224             0             0             0  -6.60025e-05             0             0 
