#varID         total       dxdbVol      dxdbSurf          dSdb          dndb    dxdbDirect          dVdb      distance       options          dvdb
    27  -5.37972e-05  -4.22537e-05             0  -1.17454e-05             0             0             0   2.01855e-07             0             0 
    28     0.0017775   0.000618904             0    0.00116103             0             0             0  -2.43239e-06             0             0 
    30     4.372e-06   9.70439e-06             0  -6.85208e-06             0             0             0   1.51969e-06             0             0 
    31   0.000403443   -0.00113688             0    0.00151911             0             0             0   2.12159e-05             0             0 
    33   4.62434e-05   2.05681e-05             0   2.21749e-05             0             0             0   3.50047e-06             0             0 
    34   0.000345554    0.00230903             0   -0.00200278             0             0             0   3.93071e-05             0             0 
    36   0.000562029   0.000499568             0   4.57307e-05             0             0             0   1.67299e-05             0             0 
    37    0.00191968      0.010031             0   -0.00815866             0             0             0   4.72962e-05             0             0 
    39   0.000918162   0.000881147             0   2.75455e-05             0             0             0   9.47024e-06             0             0 
    40     0.0018323    0.00879547             0   -0.00698313             0             0             0     1.995e-05             0             0 
    42   0.000248397   0.000185984             0   6.37373e-06             0             0             0   5.60391e-05             0             0 
    43   0.000435517    0.00180405             0   -0.00139858             0             0             0    3.0048e-05             0             0 
    51  -0.000176069  -0.000129589             0  -4.65612e-05             0             0             0   8.05637e-08             0             0 
    52    0.00634985    0.00202456             0    0.00433596             0             0             0  -1.06724e-05             0             0 
    54  -1.24226e-05   1.85568e-05             0  -3.20978e-05             0             0             0   1.11831e-06             0             0 
    55    0.00115206   -0.00509188             0    0.00622933             0             0             0   1.46107e-05             0             0 
    57   0.000235887   0.000193946             0   4.61317e-05             0             0             0  -4.19104e-06             0             0 
    58   0.000853483    0.00371803             0    -0.0028763             0             0             0   1.17566e-05             0             0 
    60   0.000865716   0.000792079             0   7.28846e-05             0             0             0   7.51792e-07             0             0 
    61    0.00280395     0.0131361             0    -0.0103323             0             0             0   1.63963e-07             0             0 
    63   0.000836692   0.000812301             0   2.64111e-05             0             0             0  -2.01975e-06             0             0 
    64    0.00163867     0.0077528             0    -0.0061148             0             0             0   6.58041e-07             0             0 
    66   0.000209492   0.000197414             0   3.65868e-06             0             0             0   8.41925e-06             0             0 
    67  -4.83507e-06    0.00112567             0   -0.00115148             0             0             0   2.09711e-05             0             0 
   123  -0.000231015  -0.000203779             0  -2.70728e-05             0             0             0  -1.63186e-07             0             0 
   124    0.00356954    0.00101082             0    0.00255735             0             0             0   1.36945e-06             0             0 
   125   0.000200306   2.96445e-05             0   0.000170793             0             0             0  -1.31364e-07             0             0 
   126  -9.38429e-06   5.05732e-06             0  -1.78118e-05             0             0             0   3.37021e-06             0             0 
   127   0.000919782     -0.002895             0    0.00373684             0             0             0   7.79462e-05             0             0 
   128  -0.000125056  -0.000225801             0    9.5204e-05             0             0             0   5.54089e-06             0             0 
   129   0.000114049   3.62948e-05             0   4.51402e-05             0             0             0   3.26139e-05             0             0 
   130    0.00124797    0.00474809             0   -0.00368784             0             0             0   0.000187713             0             0 
   131    -0.0011702   8.93581e-05             0    -0.0012713             0             0             0   1.17485e-05             0             0 
   132   0.000983181   0.000738242             0   9.38946e-05             0             0             0   0.000151045             0             0 
   133    0.00576519     0.0215722             0    -0.0161789             0             0             0   0.000371879             0             0 
   134   -0.00155671    0.00171001             0   -0.00329045             0             0             0   2.37358e-05             0             0 
   135   8.22098e-05  -5.97755e-05             0    5.4269e-05             0             0             0   8.77163e-05             0             0 
   136    0.00231196     0.0159694             0    -0.0138255             0             0             0   0.000168015             0             0 
   137  -0.000158211    0.00195258             0   -0.00212197             0             0             0   1.11775e-05             0             0 
   138   -0.00112496   -0.00121058             0   1.01803e-05             0             0             0   7.54361e-05             0             0 
   139   -0.00195704    0.00075676             0   -0.00274415             0             0             0    3.0345e-05             0             0 
   140      0.000469   0.000858758             0   -0.00039435             0             0             0   4.59149e-06             0             0 
   147   -0.00075568  -0.000650734             0  -0.000103927             0             0             0  -1.01936e-06             0             0 
   148     0.0121839    0.00297183             0    0.00922452             0             0             0   -1.2465e-05             0             0 
   149   0.000652747   5.33366e-05             0   0.000600072             0             0             0  -6.61849e-07             0             0 
   150  -5.41784e-05   2.28886e-05             0  -7.88454e-05             0             0             0   1.77841e-06             0             0 
   151    0.00246345    -0.0121676             0     0.0145684             0             0             0   6.26802e-05             0             0 
   152  -0.000241714  -0.000781213             0   0.000534282             0             0             0   5.21698e-06             0             0 
   153    0.00052709   0.000431863             0   9.06131e-05             0             0             0   4.61316e-06             0             0 
   154    0.00276164    0.00736219             0   -0.00467314             0             0             0    7.2597e-05             0             0 
   155   -0.00241265   0.000195746             0    -0.0026137             0             0             0   5.30867e-06             0             0 
   156    0.00154624    0.00141597             0   0.000141776             0             0             0  -1.15122e-05             0             0 
   157    0.00754006     0.0271794             0    -0.0196058             0             0             0  -3.35133e-05             0             0 
   158   -0.00249901    0.00198255             0   -0.00447922             0             0             0  -2.33769e-06             0             0 
   159   0.000295395   0.000353821             0   5.32112e-05             0             0             0  -0.000111638             0             0 
   160    0.00193677     0.0139854             0    -0.0118396             0             0             0  -0.000209018             0             0 
   161  -0.000407647    0.00157799             0   -0.00197005             0             0             0  -1.55896e-05             0             0 
   162  -0.000582886  -0.000551688             0   5.46043e-06             0             0             0  -3.66585e-05             0             0 
   163   -0.00151588   0.000628709             0   -0.00209404             0             0             0   -5.0553e-05             0             0 
   164  -0.000159231   9.61773e-05             0   -0.00025272             0             0             0  -2.68871e-06             0             0 
   219  -0.000540366  -0.000489389             0  -5.08536e-05             0             0             0  -1.23131e-07             0             0 
   220    0.00413956   0.000562517             0    0.00348704             0             0             0    8.9998e-05             0             0 
   221   0.000349129  -0.000944319             0    0.00124212             0             0             0   5.13286e-05             0             0 
   222  -1.26548e-05   2.82997e-05             0  -3.87303e-05             0             0             0  -2.22417e-06             0             0 
   223   0.000760666    -0.0052017             0    0.00574713             0             0             0   0.000215236             0             0 
   224    -0.0003442   -0.00275058             0    0.00233527             0             0             0   7.11151e-05             0             0 
   225   0.000319591   0.000221481             0   4.22243e-05             0             0             0   5.58854e-05             0             0 
   226    0.00115296    0.00261319             0     -0.001821             0             0             0   0.000360766             0             0 
   227   -0.00015968  -0.000992887             0   0.000741859             0             0             0   9.13479e-05             0             0 
   228    0.00146377    0.00114818             0   0.000142756             0             0             0   0.000172829             0             0 
   229    0.00577043     0.0222599             0    -0.0169598             0             0             0   0.000470335             0             0 
   230   0.000966252    0.00631244             0   -0.00544345             0             0             0   9.72624e-05             0             0 
   231   0.000331588   0.000158673             0   0.000113635             0             0             0   5.92799e-05             0             0 
   232    0.00284988     0.0213521             0    -0.0186214             0             0             0   0.000119134             0             0 
   233   0.000994361     0.0084153             0   -0.00745597             0             0             0   3.50296e-05             0             0 
   234   -0.00132211   -0.00136941             0   3.01436e-05             0             0             0   1.71599e-05             0             0 
   235   -0.00139986    0.00182853             0   -0.00321582             0             0             0  -1.25715e-05             0             0 
   236   0.000138492    0.00189758             0   -0.00175765             0             0             0   -1.4393e-06             0             0 
   243   -0.00153688   -0.00139834             0  -0.000136997             0             0             0  -1.53609e-06             0             0 
   244      0.012865    0.00236166             0     0.0104196             0             0             0   8.38315e-05             0             0 
   245   0.000647913   -0.00167582             0    0.00224566             0             0             0     7.807e-05             0             0 
   246  -8.60993e-06    0.00010806             0  -0.000109436             0             0             0  -7.23404e-06             0             0 
   247     0.0016805      -0.01606             0     0.0175667             0             0             0   0.000173875             0             0 
   248   -0.00137571   -0.00542021             0     0.0039614             0             0             0   8.31044e-05             0             0 
   249   0.000909092   0.000826626             0   7.79925e-05             0             0             0   4.47308e-06             0             0 
   250    0.00166197    0.00272008             0   -0.00117703             0             0             0   0.000118914             0             0 
   251   -0.00107464   -0.00205435             0   0.000921175             0             0             0   5.85405e-05             0             0 
   252    0.00195112    0.00184709             0   0.000156051             0             0             0  -5.20192e-05             0             0 
   253    0.00609865     0.0232486             0    -0.0170199             0             0             0  -0.000130095             0             0 
   254    0.00103948    0.00567144             0   -0.00464447             0             0             0   1.25077e-05             0             0 
   255   0.000212159    0.00029899             0   8.27127e-05             0             0             0  -0.000169543             0             0 
   256     0.0012406     0.0148474             0    -0.0132742             0             0             0   -0.00033258             0             0 
   257   0.000817645    0.00546264             0   -0.00461995             0             0             0  -2.50532e-05             0             0 
   258  -0.000733532  -0.000684651             0   1.16812e-05             0             0             0  -6.05623e-05             0             0 
   259   -0.00140508     0.0008917             0   -0.00219932             0             0             0  -9.74573e-05             0             0 
   260  -9.84216e-05   0.000646063             0  -0.000732928             0             0             0  -1.15568e-05             0             0 
   315  -0.000837379  -0.000716515             0  -0.000121382             0             0             0   5.18743e-07             0             0 
   316    0.00288469   -0.00177051             0    0.00455892             0             0             0   9.62854e-05             0             0 
   317     0.0012758   -0.00402411             0    0.00526271             0             0             0      3.72e-05             0             0 
   318  -4.74528e-05   5.81621e-05             0  -0.000100018             0             0             0  -5.59692e-06             0             0 
   319   0.000419856   -0.00825497             0    0.00851278             0             0             0   0.000162045             0             0 
   320  -7.55659e-05    -0.0103868             0     0.0102411             0             0             0   7.01682e-05             0             0 
   321   0.000174904    0.00013903             0   1.09801e-05             0             0             0   2.48932e-05             0             0 
   322   0.000659826   -0.00268681             0    0.00312954             0             0             0   0.000217096             0             0 
   323   0.000938537   -0.00580894             0    0.00662835             0             0             0   0.000119135             0             0 
   324    0.00137916    0.00110526             0    0.00020937             0             0             0   6.45339e-05             0             0 
   325    0.00301206     0.0136738             0     -0.010871             0             0             0   0.000209251             0             0 
   326    0.00145238    0.00626042             0   -0.00493906             0             0             0   0.000131015             0             0 
   327    0.00237927    0.00221686             0   0.000214909             0             0             0  -5.25031e-05             0             0 
   328     0.0049025     0.0239658             0    -0.0190067             0             0             0  -5.66036e-05             0             0 
   329     0.0021534     0.0184499             0    -0.0162544             0             0             0  -4.21249e-05             0             0 
   330    0.00183278    0.00193006             0   6.02768e-05             0             0             0  -0.000157563             0             0 
   331    0.00544214    0.00983203             0   -0.00420318             0             0             0  -0.000186716             0             0 
   332    0.00335303    0.00869023             0   -0.00519606             0             0             0  -0.000141134             0             0 
   339   -0.00142959   -0.00126465             0  -0.000162684             0             0             0  -2.25094e-06             0             0 
   340    0.00692701   -0.00137798             0    0.00826406             0             0             0   4.09369e-05             0             0 
   341   2.94674e-05   -0.00571634             0    0.00573859             0             0             0    7.2163e-06             0             0 
   342   0.000125091   0.000278568             0  -0.000148946             0             0             0  -4.53189e-06             0             0 
   343   8.97712e-05    -0.0148479             0     0.0148753             0             0             0   6.23603e-05             0             0 
   344   -0.00241441    -0.0135939             0     0.0111503             0             0             0   2.91833e-05             0             0 
   345   0.000422582   0.000402556             0   2.43429e-05             0             0             0   -4.3165e-06             0             0 
   346  -7.44394e-05   -0.00419688             0    0.00410486             0             0             0   1.75746e-05             0             0 
   347  -0.000318009   -0.00585175             0     0.0054983             0             0             0   3.54399e-05             0             0 
   348    0.00127594    0.00115169             0   0.000159412             0             0             0  -3.51568e-05             0             0 
   349    0.00250335      0.010247             0   -0.00765193             0             0             0  -9.17619e-05             0             0 
   350    0.00125913    0.00472758             0   -0.00346545             0             0             0  -3.00383e-06             0             0 
   351   0.000934546    0.00091012             0   0.000112038             0             0             0  -8.76124e-05             0             0 
   352    0.00174295     0.0117985             0   -0.00988754             0             0             0  -0.000168026             0             0 
   353   0.000580292    0.00802148             0   -0.00738494             0             0             0  -5.62457e-05             0             0 
   354   0.000317525   0.000359117             0   1.82757e-05             0             0             0  -5.98675e-05             0             0 
   355   0.000862991    0.00280981             0     -0.001858             0             0             0   -8.8821e-05             0             0 
   356   0.000363281    0.00210441             0     -0.001693             0             0             0  -4.81255e-05             0             0 
   411  -0.000445872  -0.000326062             0  -0.000115642             0             0             0  -4.16858e-06             0             0 
   412     0.0013405   -0.00175743             0    0.00315594             0             0             0  -5.80099e-05             0             0 
   413    0.00247985   -0.00293878             0    0.00551286             0             0             0  -9.42345e-05             0             0 
   414  -0.000101475  -2.41244e-05             0  -8.05595e-05             0             0             0   3.20873e-06             0             0 
   415   1.50257e-05   -0.00576655             0    0.00585179             0             0             0  -7.02128e-05             0             0 
   416   0.000448292   -0.00947953             0     0.0100393             0             0             0  -0.000111492             0             0 
   417  -0.000107547  -9.00462e-05             0  -1.54613e-05             0             0             0  -2.03912e-06             0             0 
   418  -0.000499236   -0.00360923             0    0.00319643             0             0             0  -8.64316e-05             0             0 
   419   0.000233268   -0.00692582             0    0.00730842             0             0             0  -0.000149332             0             0 
   420   0.000101095   5.17453e-05             0   8.54781e-05             0             0             0  -3.61284e-05             0             0 
   421   -0.00116386    0.00116437             0   -0.00221561             0             0             0   -0.00011263             0             0 
   422  -0.000468065   -0.00220481             0    0.00191978             0             0             0  -0.000183035             0             0 
   423     0.0013353    0.00138717             0   0.000113197             0             0             0  -0.000165073             0             0 
   424   0.000678175    0.00838843             0   -0.00743552             0             0             0  -0.000274732             0             0 
   425   0.000564235    0.00858432             0   -0.00774264             0             0             0   -0.00027744             0             0 
   426    0.00209089    0.00228911             0   3.31148e-05             0             0             0  -0.000231333             0             0 
   427    0.00317856    0.00570129             0   -0.00221281             0             0             0  -0.000309919             0             0 
   428    0.00239183    0.00556041             0   -0.00291728             0             0             0  -0.000251306             0             0 
   435  -0.000434872   -0.00035008             0   -7.8303e-05             0             0             0  -6.48975e-06             0             0 
   436   0.000201483   -0.00218944             0    0.00246181             0             0             0  -7.08832e-05             0             0 
   437  -0.000134596   -0.00359634             0    0.00357947             0             0             0  -0.000117724             0             0 
   438    6.6443e-05   0.000127316             0  -6.82701e-05             0             0             0   7.39718e-06             0             0 
   439  -0.000510168   -0.00527721             0    0.00484083             0             0             0  -7.37889e-05             0             0 
   440   -0.00086752   -0.00788305             0    0.00712505             0             0             0  -0.000109524             0             0 
   441  -1.31508e-05  -1.96824e-06             0  -8.98415e-06             0             0             0  -2.19838e-06             0             0 
   442   -0.00024764   -0.00274972             0    0.00257921             0             0             0  -7.71311e-05             0             0 
   443   0.000140466   -0.00414209             0    0.00439593             0             0             0  -0.000113372             0             0 
   444   0.000104695   8.30435e-05             0   4.68094e-05             0             0             0  -2.51574e-05             0             0 
   445   2.53768e-05   0.000390096             0  -0.000278064             0             0             0  -8.66551e-05             0             0 
   446   0.000176495  -0.000706075             0   0.000990652             0             0             0  -0.000108082             0             0 
   447   0.000308973   0.000321008             0   4.12346e-05             0             0             0  -5.32691e-05             0             0 
   448   0.000334124    0.00267903             0   -0.00224436             0             0             0  -0.000100545             0             0 
   449   0.000117176    0.00282396             0   -0.00261532             0             0             0  -9.14715e-05             0             0 
   450   0.000337381   0.000380342             0     7.183e-06             0             0             0  -5.01438e-05             0             0 
   451   0.000544186     0.0011576             0  -0.000537516             0             0             0  -7.58971e-05             0             0 
   452   0.000256568    0.00107432             0  -0.000762119             0             0             0  -5.56323e-05             0             0 
