#varID         total       dxdbVol      dxdbSurf          dSdb          dndb    dxdbDirect          dVdb      distance       options          dvdb
    27  -1.97919e-06   7.62435e-06             0  -9.62602e-06             0             0             0    2.2483e-08             0             0 
    28    0.00187541    0.00090193             0   0.000972433             0             0             0   1.04594e-06             0             0 
    30   6.91549e-06   9.89878e-06             0  -3.41759e-06             0             0             0   4.34293e-07             0             0 
    31   0.000431034  -0.000351929             0   0.000777213             0             0             0   5.75036e-06             0             0 
    33   0.000116418   0.000103022             0   1.43795e-05             0             0             0  -9.83433e-07             0             0 
    34    0.00105459    0.00167283             0   -0.00062589             0             0             0     7.655e-06             0             0 
    36    0.00129038    0.00122743             0   5.02121e-05             0             0             0   1.27407e-05             0             0 
    37     0.0035853     0.0118663             0   -0.00830805             0             0             0   2.70313e-05             0             0 
    39    0.00110613    0.00105262             0   3.02324e-05             0             0             0   2.32863e-05             0             0 
    40    0.00142833    0.00941453             0   -0.00801585             0             0             0   2.96487e-05             0             0 
    42   -0.00105951   -0.00114129             0   5.37453e-06             0             0             0   7.64029e-05             0             0 
    43   -0.00303161   -0.00167226             0   -0.00140068             0             0             0   4.13395e-05             0             0 
    51   1.13256e-05   4.81861e-05             0  -3.68769e-05             0             0             0   1.63226e-08             0             0 
    52    0.00692558    0.00338107             0     0.0035475             0             0             0  -2.97951e-06             0             0 
    54  -1.74055e-05  -2.42676e-06             0  -1.51054e-05             0             0             0   1.26629e-07             0             0 
    55    0.00125546   -0.00175801             0    0.00301307             0             0             0   3.97723e-07             0             0 
    57   0.000253561   0.000232506             0   2.63258e-05             0             0             0  -5.27049e-06             0             0 
    58    0.00215439    0.00204695             0   0.000114826             0             0             0  -7.37993e-06             0             0 
    60     0.0015088    0.00143174             0   7.45579e-05             0             0             0   2.50597e-06             0             0 
    61    0.00504235     0.0141077             0   -0.00906867             0             0             0   3.34111e-06             0             0 
    63    0.00130974    0.00127654             0   3.08428e-05             0             0             0   2.35257e-06             0             0 
    64    0.00219429    0.00933294             0   -0.00714333             0             0             0   4.68131e-06             0             0 
    66  -0.000224143  -0.000236958             0    3.1723e-06             0             0             0   9.64274e-06             0             0 
    67   -0.00114644   1.23703e-05             0   -0.00116986             0             0             0   1.10571e-05             0             0 
   123  -2.61442e-05  -4.82488e-06             0  -2.14059e-05             0             0             0   8.65582e-08             0             0 
   124    0.00393467     0.0018062             0    0.00210834             0             0             0    2.0134e-05             0             0 
   125   0.000199064   9.69332e-05             0   9.99186e-05             0             0             0   2.21224e-06             0             0 
   126   1.24392e-05   1.75151e-05             0  -7.70871e-06             0             0             0   2.63275e-06             0             0 
   127   0.000882841   -0.00106966             0    0.00189527             0             0             0   5.72299e-05             0             0 
   128  -0.000159791  -9.63343e-05             0  -6.91345e-05             0             0             0   5.67726e-06             0             0 
   129    0.00023687   0.000175174             0   3.26982e-05             0             0             0   2.89978e-05             0             0 
   130    0.00180714    0.00264166             0  -0.000990535             0             0             0   0.000156018             0             0 
   131   -0.00113848  -0.000122031             0   -0.00103118             0             0             0   1.47343e-05             0             0 
   132    0.00266445    0.00235975             0   0.000111732             0             0             0   0.000192974             0             0 
   133    0.00946882     0.0256905             0    -0.0166565             0             0             0   0.000434813             0             0 
   134   -0.00181246    0.00145547             0   -0.00330189             0             0             0   3.39649e-05             0             0 
   135   0.000654358   0.000461674             0    6.4199e-05             0             0             0   0.000128485             0             0 
   136     0.0030645     0.0190946             0    -0.0162388             0             0             0   0.000208759             0             0 
   137  -0.000581868    0.00162194             0   -0.00221898             0             0             0   1.51672e-05             0             0 
   138   -0.00357313   -0.00365227             0   8.18488e-06             0             0             0   7.09556e-05             0             0 
   139   -0.00791429   -0.00508477             0   -0.00283151             0             0             0   1.99091e-06             0             0 
   140  -0.000360249  -3.87378e-05             0  -0.000324493             0             0             0   2.98197e-06             0             0 
   147  -4.27661e-05   3.62201e-05             0  -7.90258e-05             0             0             0   3.95719e-08             0             0 
   148     0.0138628    0.00639637             0     0.0074511             0             0             0   1.52881e-05             0             0 
   149   0.000682204   0.000349097             0   0.000330313             0             0             0   2.79407e-06             0             0 
   150   -1.6173e-05    1.6188e-05             0  -3.40004e-05             0             0             0   1.63947e-06             0             0 
   151    0.00240737   -0.00472395             0    0.00708256             0             0             0    4.8761e-05             0             0 
   152    -0.0004111  -0.000258263             0  -0.000158845             0             0             0   6.00831e-06             0             0 
   153   0.000670176   0.000605333             0   5.90535e-05             0             0             0   5.78927e-06             0             0 
   154    0.00360958    0.00272462             0   0.000828503             0             0             0   5.64599e-05             0             0 
   155   -0.00228557  -0.000170962             0   -0.00212146             0             0             0   6.84591e-06             0             0 
   156    0.00312564    0.00297389             0   0.000157557             0             0             0  -5.81038e-06             0             0 
   157     0.0114791     0.0287709             0    -0.0172775             0             0             0  -1.43104e-05             0             0 
   158   -0.00286042    0.00144748             0   -0.00430638             0             0             0  -1.51265e-06             0             0 
   159    0.00128225    0.00136779             0   6.60725e-05             0             0             0  -0.000151613             0             0 
   160     0.0037166     0.0180769             0    -0.0140967             0             0             0  -0.000263577             0             0 
   161  -0.000838304    0.00127013             0   -0.00208846             0             0             0  -1.99691e-05             0             0 
   162   -0.00153374   -0.00147002             0   4.84086e-06             0             0             0  -6.85629e-05             0             0 
   163   -0.00371471   -0.00140441             0   -0.00220627             0             0             0   -0.00010403             0             0 
   164  -0.000686509  -0.000455891             0    -0.0002237             0             0             0   -6.9183e-06             0             0 
   219  -0.000169387  -0.000128542             0  -4.17687e-05             0             0             0   9.23875e-07             0             0 
   220    0.00474626    0.00172796             0    0.00288058             0             0             0   0.000137713             0             0 
   221   0.000746955  -0.000441258             0    0.00111634             0             0             0   7.18702e-05             0             0 
   222   3.50979e-06    1.9663e-05             0  -1.91929e-05             0             0             0   3.03962e-06             0             0 
   223   0.000699883   -0.00272628             0    0.00321442             0             0             0   0.000211742             0             0 
   224  -0.000447157   -0.00209807             0    0.00157196             0             0             0    7.8957e-05             0             0 
   225   0.000510146   0.000423038             0   2.92945e-05             0             0             0   5.78135e-05             0             0 
   226     0.0013736    0.00017377             0   0.000843464             0             0             0    0.00035637             0             0 
   227  -0.000175098   -0.00158976             0    0.00131994             0             0             0   9.47213e-05             0             0 
   228    0.00255226    0.00218485             0   0.000155905             0             0             0   0.000211513             0             0 
   229    0.00861742     0.0245617             0    -0.0164984             0             0             0   0.000554187             0             0 
   230    0.00103575    0.00584072             0   -0.00491781             0             0             0    0.00011283             0             0 
   231   0.000535239   0.000334693             0   0.000126233             0             0             0    7.4313e-05             0             0 
   232    0.00437373     0.0250428             0    -0.0208035             0             0             0   0.000134373             0             0 
   233   0.000807746    0.00910057             0   -0.00833614             0             0             0   4.33179e-05             0             0 
   234   -0.00213988   -0.00215506             0   3.17887e-05             0             0             0  -1.66158e-05             0             0 
   235   -0.00214991     0.0015989             0   -0.00369823             0             0             0  -5.05789e-05             0             0 
   236   0.000174446    0.00241939             0   -0.00224197             0             0             0  -2.97187e-06             0             0 
   243  -0.000407137  -0.000301156             0  -0.000106936             0             0             0   9.55192e-07             0             0 
   244     0.0148485    0.00627635             0    0.00842925             0             0             0   0.000142873             0             0 
   245    0.00157711  -0.000509879             0    0.00198041             0             0             0   0.000106579             0             0 
   246  -2.23744e-05    2.4957e-05             0  -4.62795e-05             0             0             0  -1.05185e-06             0             0 
   247    0.00172038   -0.00768956             0    0.00922965             0             0             0   0.000180292             0             0 
   248   -0.00143095   -0.00413868             0    0.00261321             0             0             0   9.45149e-05             0             0 
   249    0.00125617    0.00119461             0   5.42632e-05             0             0             0   7.30276e-06             0             0 
   250     0.0020289   -0.00147832             0     0.0034023             0             0             0   0.000104916             0             0 
   251   -0.00102642   -0.00283937             0    0.00175885             0             0             0   5.40964e-05             0             0 
   252    0.00314996    0.00304319             0   0.000167075             0             0             0  -6.03019e-05             0             0 
   253    0.00903461     0.0232843             0    -0.0140994             0             0             0  -0.000150358             0             0 
   254    0.00122925    0.00484568             0   -0.00361887             0             0             0   2.44305e-06             0             0 
   255   0.000668881   0.000791357             0    9.5212e-05             0             0             0  -0.000217688             0             0 
   256    0.00261519      0.018066             0    -0.0150511             0             0             0  -0.000399718             0             0 
   257   0.000743372    0.00587811             0    -0.0051019             0             0             0   -3.2835e-05             0             0 
   258   -0.00109725   -0.00102159             0   1.23756e-05             0             0             0  -8.80304e-05             0             0 
   259   -0.00190631   0.000665084             0   -0.00244393             0             0             0  -0.000127467             0             0 
   260  -0.000247809    0.00071305             0  -0.000946165             0             0             0  -1.46945e-05             0             0 
   315  -0.000410424  -0.000305551             0  -0.000106253             0             0             0   1.38061e-06             0             0 
   316    0.00382535  -0.000266821             0    0.00395282             0             0             0   0.000139351             0             0 
   317    0.00244642   -0.00247387             0    0.00485328             0             0             0   6.70151e-05             0             0 
   318  -7.34704e-06    6.1416e-05             0  -6.85911e-05             0             0             0  -1.71982e-07             0             0 
   319  -4.76413e-05   -0.00562675             0    0.00541136             0             0             0    0.00016775             0             0 
   320   -0.00083034   -0.00781131             0    0.00690481             0             0             0   7.61527e-05             0             0 
   321     0.0003001   0.000283563             0  -8.01935e-06             0             0             0   2.45557e-05             0             0 
   322   0.000464994   -0.00423855             0      0.004502             0             0             0   0.000201541             0             0 
   323   0.000445074   -0.00691932             0    0.00726184             0             0             0   0.000102551             0             0 
   324    0.00132516    0.00106754             0   0.000193223             0             0             0    6.4399e-05             0             0 
   325    0.00332537     0.0124306             0   -0.00931222             0             0             0   0.000206994             0             0 
   326   0.000933519    0.00395154             0   -0.00313923             0             0             0   0.000121212             0             0 
   327    0.00190181    0.00172024             0   0.000219839             0             0             0  -3.82699e-05             0             0 
   328    0.00473285     0.0242373             0    -0.0194744             0             0             0  -3.01202e-05             0             0 
   329    0.00138354     0.0176333             0    -0.0162215             0             0             0  -2.83508e-05             0             0 
   330    0.00225608    0.00235671             0   6.96074e-05             0             0             0  -0.000170232             0             0 
   331    0.00783163     0.0128665             0   -0.00488195             0             0             0  -0.000152909             0             0 
   332    0.00495987     0.0109064             0   -0.00580644             0             0             0  -0.000140073             0             0 
   339  -0.000640799  -0.000506569             0  -0.000134399             0             0             0   1.68689e-07             0             0 
   340    0.00896042    0.00193806             0    0.00694029             0             0             0   8.20705e-05             0             0 
   341    0.00215905    -0.0033016             0    0.00543084             0             0             0    2.9805e-05             0             0 
   342   2.75781e-05   0.000116538             0  -8.73625e-05             0             0             0    -1.597e-06             0             0 
   343  -0.000394041   -0.00942752             0    0.00896483             0             0             0   6.86497e-05             0             0 
   344     -0.003044    -0.0106575             0    0.00758053             0             0             0   3.29931e-05             0             0 
   345   0.000601541    0.00060167             0    4.7006e-06             0             0             0  -4.83027e-06             0             0 
   346  -0.000324365   -0.00628423             0    0.00596149             0             0             0  -1.62496e-06             0             0 
   347  -0.000901541   -0.00705164             0    0.00612593             0             0             0   2.41679e-05             0             0 
   348    0.00150851    0.00140478             0   0.000144511             0             0             0  -4.07731e-05             0             0 
   349    0.00333091    0.00867245             0   -0.00522691             0             0             0  -0.000114629             0             0 
   350    0.00133295    0.00295786             0   -0.00161203             0             0             0  -1.28822e-05             0             0 
   351   0.000867209   0.000841746             0   0.000115336             0             0             0   -8.9873e-05             0             0 
   352    0.00180853     0.0121775             0       -0.0102             0             0             0  -0.000168981             0             0 
   353   0.000348326    0.00775447             0   -0.00734704             0             0             0  -5.91032e-05             0             0 
   354   0.000438642   0.000480619             0   2.08007e-05             0             0             0  -6.27779e-05             0             0 
   355    0.00133715    0.00348869             0     -0.002072             0             0             0  -7.95423e-05             0             0 
   356   0.000621031    0.00258871             0   -0.00191605             0             0             0  -5.16243e-05             0             0 
   411  -0.000228276  -0.000120698             0  -0.000105438             0             0             0   -2.1394e-06             0             0 
   412    0.00180116   -0.00100654             0    0.00285883             0             0             0  -5.11287e-05             0             0 
   413    0.00319162   -0.00182167             0    0.00510685             0             0             0  -9.35601e-05             0             0 
   414  -2.65239e-05   3.22609e-05             0  -6.04778e-05             0             0             0   1.69298e-06             0             0 
   415  -0.000319474   -0.00405294             0    0.00380101             0             0             0  -6.75383e-05             0             0 
   416  -0.000212527   -0.00686988             0    0.00676453             0             0             0  -0.000107178             0             0 
   417  -7.45408e-05  -4.62998e-05             0  -2.52733e-05             0             0             0  -2.96771e-06             0             0 
   418  -0.000754475   -0.00392276             0    0.00325139             0             0             0  -8.31017e-05             0             0 
   419  -0.000238872   -0.00748241             0    0.00738161             0             0             0  -0.000138073             0             0 
   420  -0.000209652  -0.000248457             0   7.08964e-05             0             0             0  -3.20913e-05             0             0 
   421   -0.00180873  -6.51715e-05             0   -0.00164155             0             0             0  -0.000102002             0             0 
   422   -0.00139388   -0.00397359             0    0.00275448             0             0             0   -0.00017477             0             0 
   423   0.000741507   0.000784015             0   0.000108589             0             0             0  -0.000151096             0             0 
   424   -0.00053548    0.00681362             0    -0.0071149             0             0             0  -0.000234205             0             0 
   425  -0.000926979    0.00642491             0   -0.00706973             0             0             0  -0.000282159             0             0 
   426    0.00216606    0.00236043             0    3.7461e-05             0             0             0   -0.00023183             0             0 
   427    0.00359464    0.00622225             0    -0.0023664             0             0             0   -0.00026122             0             0 
   428     0.0029808    0.00621451             0   -0.00296192             0             0             0  -0.000271787             0             0 
   435  -0.000214751  -0.000142409             0  -6.89274e-05             0             0             0  -3.41433e-06             0             0 
   436   0.000908124   -0.00124163             0    0.00222871             0             0             0  -7.89607e-05             0             0 
   437   0.000762155    -0.0025088             0    0.00340852             0             0             0  -0.000137556             0             0 
   438   5.68473e-05   0.000101435             0  -4.90513e-05             0             0             0   4.46376e-06             0             0 
   439  -0.000817858   -0.00392056             0    0.00317975             0             0             0  -7.70507e-05             0             0 
   440   -0.00139246   -0.00605225             0    0.00477475             0             0             0  -0.000114955             0             0 
   441  -3.66992e-06   1.52346e-05             0  -1.63375e-05             0             0             0  -2.56699e-06             0             0 
   442  -0.000535913   -0.00310966             0    0.00264237             0             0             0  -6.86221e-05             0             0 
   443  -0.000302211   -0.00461018             0    0.00440465             0             0             0  -9.66813e-05             0             0 
   444   7.73044e-06  -8.16444e-06             0   3.71212e-05             0             0             0  -2.12263e-05             0             0 
   445  -0.000123955  -0.000244398             0   0.000194495             0             0             0  -7.40517e-05             0             0 
   446   1.38799e-05   -0.00156267             0    0.00167193             0             0             0  -9.53711e-05             0             0 
   447   0.000152384   0.000160695             0   3.93241e-05             0             0             0  -4.76345e-05             0             0 
   448   4.61423e-05    0.00225524             0   -0.00212208             0             0             0  -8.70178e-05             0             0 
   449  -0.000163444    0.00224542             0   -0.00231746             0             0             0  -9.14085e-05             0             0 
   450    0.00033731   0.000378534             0   8.17539e-06             0             0             0  -4.93994e-05             0             0 
   451   0.000606121    0.00124451             0  -0.000572996             0             0             0  -6.53912e-05             0             0 
   452   0.000339986     0.0011715             0  -0.000770285             0             0             0  -6.12249e-05             0             0 
