#varID         total       dxdbVol      dxdbSurf          dSdb          dndb    dxdbDirect          dVdb      distance       options          dvdb
    27   6.55114e-06   1.39742e-05             0  -7.03299e-06             0             0             0  -3.90036e-07             0             0 
    28    0.00175684   0.000870206             0   0.000860116             0             0             0   2.65203e-05             0             0 
    30    -4.375e-06  -8.84317e-06             0   2.82822e-06             0             0             0   1.63994e-06             0             0 
    31  -2.08295e-05   0.000462117             0  -0.000506264             0             0             0   2.33175e-05             0             0 
    33  -0.000212744   -0.00022842             0    1.5063e-05             0             0             0   6.12127e-07             0             0 
    34  -0.000819858   0.000886669             0   -0.00172681             0             0             0   2.02844e-05             0             0 
    36   -0.00150659   -0.00153662             0   3.66093e-05             0             0             0  -6.57911e-06             0             0 
    37   -0.00399429    0.00321843             0   -0.00721688             0             0             0   4.16781e-06             0             0 
    39   -0.00046023  -0.000401886             0   1.69353e-05             0             0             0  -7.52801e-05             0             0 
    40   -0.00159079     0.0033069             0   -0.00487011             0             0             0  -2.75696e-05             0             0 
    42    0.00439172    0.00440654             0   1.28789e-05             0             0             0  -2.76989e-05             0             0 
    43     0.0167109     0.0159907             0   0.000727073             0             0             0  -6.90238e-06             0             0 
    51   1.72666e-05   4.30453e-05             0  -2.51986e-05             0             0             0  -5.80028e-07             0             0 
    52    0.00635822    0.00327923             0    0.00304656             0             0             0   3.24313e-05             0             0 
    54  -3.93577e-05  -5.13483e-05             0   1.08577e-05             0             0             0   1.13301e-06             0             0 
    55  -0.000351884    0.00159612             0   -0.00196997             0             0             0   2.19699e-05             0             0 
    57  -0.000292484  -0.000316875             0   3.02044e-05             0             0             0  -5.81317e-06             0             0 
    58    -0.0018515     0.0011316             0   -0.00298164             0             0             0  -1.46312e-06             0             0 
    60   -0.00132747   -0.00138603             0   6.03755e-05             0             0             0  -1.81288e-06             0             0 
    61   -0.00363427    0.00549037             0   -0.00912418             0             0             0  -4.53495e-07             0             0 
    63  -0.000855817  -0.000852288             0   1.75438e-05             0             0             0   -2.1072e-05             0             0 
    64   -0.00301195    0.00179842             0   -0.00482022             0             0             0   9.85195e-06             0             0 
    66     0.0019971     0.0020217             0   4.33292e-06             0             0             0  -2.89316e-05             0             0 
    67    0.00536327    0.00549104             0  -0.000127444             0             0             0  -3.31528e-07             0             0 
   123   9.33971e-06   2.46693e-05             0  -1.44902e-05             0             0             0   -8.3936e-07             0             0 
   124    0.00374948    0.00189759             0     0.0017848             0             0             0   6.70987e-05             0             0 
   125   0.000123851    7.5149e-05             0   4.52298e-05             0             0             0   3.47187e-06             0             0 
   126  -7.61537e-06  -2.00631e-05             0   8.23793e-06             0             0             0   4.20981e-06             0             0 
   127   2.50633e-05    0.00103114             0   -0.00106505             0             0             0   5.89714e-05             0             0 
   128  -0.000307908  -2.10592e-05             0  -0.000290261             0             0             0    3.4122e-06             0             0 
   129  -0.000415049  -0.000453481             0   3.45991e-05             0             0             0   3.83282e-06             0             0 
   130   -0.00134804    0.00206972             0   -0.00346864             0             0             0   5.08721e-05             0             0 
   131    -0.0010552  -2.08722e-05             0   -0.00103721             0             0             0   2.88455e-06             0             0 
   132   -0.00309319   -0.00316321             0   7.70282e-05             0             0             0  -7.00932e-06             0             0 
   133   -0.00785591    0.00650913             0    -0.0143813             0             0             0   1.62589e-05             0             0 
   134   -0.00158563   0.000901754             0    -0.0024878             0             0             0   4.16728e-07             0             0 
   135    -0.0014477    -0.0013889             0   3.58957e-05             0             0             0  -9.46902e-05             0             0 
   136   -0.00295311    0.00692047             0   -0.00983369             0             0             0  -3.98875e-05             0             0 
   137   0.000362615    0.00197639             0   -0.00160606             0             0             0  -7.71634e-06             0             0 
   138    0.00719177     0.0071554             0   2.45081e-05             0             0             0   1.18613e-05             0             0 
   139     0.0287347     0.0270997             0    0.00162623             0             0             0   8.81742e-06             0             0 
   140    0.00246179    0.00306004             0  -0.000598912             0             0             0   6.61601e-07             0             0 
   147   1.68516e-05   6.73799e-05             0  -4.93532e-05             0             0             0   -1.1751e-06             0             0 
   148     0.0131493    0.00695516             0    0.00611571             0             0             0   7.84453e-05             0             0 
   149   0.000401254    0.00026216             0   0.000134796             0             0             0   4.29825e-06             0             0 
   150  -7.86391e-05    -0.0001112             0   2.95575e-05             0             0             0   3.00299e-06             0             0 
   151  -0.000495764    0.00345251             0   -0.00400243             0             0             0   5.41557e-05             0             0 
   152   -0.00100993  -9.15645e-06             0   -0.00100398             0             0             0    3.2073e-06             0             0 
   153  -0.000520737  -0.000581212             0   6.87742e-05             0             0             0  -8.29878e-06             0             0 
   154   -0.00292681    0.00285832             0   -0.00578631             0             0             0   1.17649e-06             0             0 
   155   -0.00228053  -1.47497e-05             0    -0.0022653             0             0             0  -4.74048e-07             0             0 
   156   -0.00267673    -0.0027993             0   0.000122409             0             0             0   1.61542e-07             0             0 
   157   -0.00690339     0.0105999             0    -0.0175071             0             0             0   3.73692e-06             0             0 
   158   -0.00221841    0.00119517             0     -0.003413             0             0             0   -5.7547e-07             0             0 
   159   -0.00201505    -0.0020305             0   3.57271e-05             0             0             0  -2.02754e-05             0             0 
   160   -0.00582605      0.003519             0   -0.00936717             0             0             0   2.21121e-05             0             0 
   161  -3.29763e-05    0.00138331             0   -0.00141473             0             0             0  -1.55295e-06             0             0 
   162    0.00290446     0.0029183             0    8.7021e-06             0             0             0  -2.25366e-05             0             0 
   163    0.00907849    0.00919823             0  -0.000128583             0             0             0   8.84325e-06             0             0 
   164   0.000817106    0.00102373             0  -0.000204253             0             0             0  -2.36816e-06             0             0 
   219   -5.1885e-05  -2.30212e-05             0  -2.87501e-05             0             0             0  -1.13787e-07             0             0 
   220    0.00484892     0.0024005             0    0.00233232             0             0             0     0.0001161             0             0 
   221    0.00145033   0.000486761             0   0.000933131             0             0             0   3.04365e-05             0             0 
   222   -3.8825e-05  -5.83737e-05             0   1.28321e-05             0             0             0   6.71654e-06             0             0 
   223   5.51759e-05    0.00084112             0  -0.000880343             0             0             0   9.43994e-05             0             0 
   224  -0.000135268  -0.000327698             0    0.00016764             0             0             0   2.47891e-05             0             0 
   225  -0.000401694  -0.000461019             0   4.56128e-05             0             0             0   1.37122e-05             0             0 
   226   -0.00136687    0.00140035             0   -0.00285984             0             0             0   9.26153e-05             0             0 
   227  -0.000473248   -0.00049713             0  -2.38066e-05             0             0             0   4.76889e-05             0             0 
   228   -0.00332817   -0.00345935             0   0.000107682             0             0             0   2.34955e-05             0             0 
   229   -0.00908004    0.00560371             0    -0.0147789             0             0             0   9.51803e-05             0             0 
   230   -0.00197718    0.00256724             0   -0.00462013             0             0             0    7.5704e-05             0             0 
   231   -0.00204129   -0.00212209             0   7.84548e-05             0             0             0   2.34519e-06             0             0 
   232   -0.00239936    0.00944251             0    -0.0118963             0             0             0   5.44239e-05             0             0 
   233   0.000240792    0.00566997             0     -0.005496             0             0             0   6.68166e-05             0             0 
   234    0.00650526    0.00637701             0   5.18552e-05             0             0             0   7.63898e-05             0             0 
   235     0.0300316      0.029467             0   0.000510526             0             0             0   5.40571e-05             0             0 
   236    0.00677006    0.00843878             0   -0.00171448             0             0             0   4.57603e-05             0             0 
   243  -0.000109341  -4.07214e-05             0  -6.81074e-05             0             0             0  -5.12228e-07             0             0 
   244     0.0146536    0.00787414             0    0.00666438             0             0             0   0.000115095             0             0 
   245    0.00259933    0.00101646             0    0.00154331             0             0             0   3.95493e-05             0             0 
   246  -0.000133572  -0.000183443             0   4.56408e-05             0             0             0   4.22979e-06             0             0 
   247   -0.00029053    0.00294019             0   -0.00330224             0             0             0    7.1523e-05             0             0 
   248  -0.000432574  -0.000704416             0   0.000248891             0             0             0   2.29508e-05             0             0 
   249  -0.000456078  -0.000543812             0   8.86605e-05             0             0             0  -9.27116e-07             0             0 
   250   -0.00253949    0.00171685             0   -0.00427677             0             0             0   2.04338e-05             0             0 
   251  -0.000751001  -0.000791111             0   1.66825e-05             0             0             0   2.34275e-05             0             0 
   252   -0.00263586   -0.00277414             0   0.000133521             0             0             0   4.75687e-06             0             0 
   253   -0.00752964     0.0080942             0    -0.0156397             0             0             0   1.59024e-05             0             0 
   254   -0.00133048     0.0026132             0   -0.00396549             0             0             0    2.1814e-05             0             0 
   255   -0.00211247   -0.00215499             0   5.32985e-05             0             0             0  -1.07814e-05             0             0 
   256   -0.00571959    0.00370801             0   -0.00941547             0             0             0  -1.21343e-05             0             0 
   257  -0.000617203    0.00279001             0   -0.00340587             0             0             0  -1.33544e-06             0             0 
   258    0.00238019    0.00237209             0   1.74412e-05             0             0             0  -9.34235e-06             0             0 
   259    0.00866044    0.00907804             0  -0.000393648             0             0             0  -2.39539e-05             0             0 
   260    0.00167938    0.00239537             0   -0.00070687             0             0             0  -9.12517e-06             0             0 
   315  -0.000167856  -9.00454e-05             0   -7.8735e-05             0             0             0   9.24114e-07             0             0 
   316    0.00550304    0.00209098             0    0.00331064             0             0             0   0.000101424             0             0 
   317    0.00619376    0.00166797             0    0.00449693             0             0             0   2.88611e-05             0             0 
   318  -8.10099e-05  -7.95386e-05             0  -6.16228e-06             0             0             0   4.69105e-06             0             0 
   319  -0.000230337  -0.000278604             0  -2.81547e-05             0             0             0    7.6421e-05             0             0 
   320  -0.000427336   -0.00116171             0   0.000711825             0             0             0   2.25477e-05             0             0 
   321  -0.000330821   -0.00036985             0   2.59701e-05             0             0             0   1.30595e-05             0             0 
   322   -0.00181825   -0.00160664             0  -0.000299665             0             0             0    8.8052e-05             0             0 
   323   -0.00163568   -0.00393373             0    0.00222193             0             0             0   7.61301e-05             0             0 
   324   -0.00277162   -0.00293896             0   0.000136684             0             0             0   3.06614e-05             0             0 
   325   -0.00967719   0.000583869             0    -0.0103686             0             0             0   0.000107549             0             0 
   326   -0.00690366  -0.000512907             0   -0.00650866             0             0             0    0.00011791             0             0 
   327   -0.00264037   -0.00279165             0   0.000141001             0             0             0   1.02807e-05             0             0 
   328   -0.00610337    0.00501468             0    -0.0111197             0             0             0   1.62922e-06             0             0 
   329   -0.00320996    0.00693437             0    -0.0101524             0             0             0   8.05591e-06             0             0 
   330    0.00421951    0.00416877             0   8.86002e-05             0             0             0  -3.78593e-05             0             0 
   331     0.0241553      0.026096             0   -0.00185604             0             0             0  -8.47317e-05             0             0 
   332     0.0152181     0.0187554             0    -0.0034405             0             0             0  -9.67862e-05             0             0 
   339  -0.000227211  -0.000136414             0  -9.10776e-05             0             0             0   2.80678e-07             0             0 
   340     0.0106132    0.00489406             0    0.00564991             0             0             0    6.9202e-05             0             0 
   341    0.00645576    0.00157881             0    0.00486381             0             0             0   1.31375e-05             0             0 
   342  -0.000160104  -0.000181597             0   1.96728e-05             0             0             0   1.82018e-06             0             0 
   343  -0.000566698  -5.93668e-05             0  -0.000542877             0             0             0   3.55464e-05             0             0 
   344   -0.00113012   -0.00218712             0      0.001051             0             0             0   6.00556e-06             0             0 
   345  -0.000345814  -0.000401625             0   5.61817e-05             0             0             0  -3.71088e-07             0             0 
   346   -0.00217118   -0.00186217             0   -0.00031941             0             0             0   1.04049e-05             0             0 
   347   -0.00164389   -0.00351378             0    0.00185204             0             0             0   1.78536e-05             0             0 
   348   -0.00166468   -0.00177285             0   0.000117792             0             0             0  -9.62077e-06             0             0 
   349   -0.00575379    0.00253051             0    -0.0082531             0             0             0  -3.12035e-05             0             0 
   350   -0.00307379    0.00140064             0   -0.00446488             0             0             0  -9.55545e-06             0             0 
   351   -0.00141338   -0.00144704             0   6.78714e-05             0             0             0   -3.4206e-05             0             0 
   352   -0.00470108     0.0017449             0   -0.00633836             0             0             0  -0.000107615             0             0 
   353   -0.00203111     0.0028961             0   -0.00485217             0             0             0  -7.50511e-05             0             0 
   354    0.00156859    0.00158275             0   2.38079e-05             0             0             0  -3.79737e-05             0             0 
   355    0.00563401    0.00648369             0  -0.000748413             0             0             0  -0.000101274             0             0 
   356    0.00266935    0.00381546             0    -0.0010695             0             0             0  -7.66056e-05             0             0 
   411  -6.30194e-05    2.2511e-05             0  -8.41687e-05             0             0             0  -1.36175e-06             0             0 
   412    0.00341389    0.00089085             0    0.00254407             0             0             0  -2.10296e-05             0             0 
   413    0.00673165    0.00169448             0    0.00508058             0             0             0  -4.34207e-05             0             0 
   414  -1.74418e-05   6.48208e-07             0  -1.66448e-05             0             0             0  -1.44514e-06             0             0 
   415  -0.000556646  -0.000493287             0   -2.2644e-05             0             0             0  -4.07158e-05             0             0 
   416  -0.000419502  -0.000943498             0   0.000585203             0             0             0  -6.12065e-05             0             0 
   417  -0.000122751  -0.000108706             0  -5.50767e-06             0             0             0  -8.53699e-06             0             0 
   418   -0.00198516   -0.00242238             0   0.000518905             0             0             0  -8.16828e-05             0             0 
   419   -0.00196824   -0.00467798             0    0.00283964             0             0             0   -0.00012989             0             0 
   420   -0.00108934   -0.00110879             0   5.36054e-05             0             0             0  -3.41561e-05             0             0 
   421   -0.00623275   -0.00292816             0   -0.00315175             0             0             0  -0.000152842             0             0 
   422   -0.00699984   -0.00505364             0   -0.00171606             0             0             0  -0.000230139             0             0 
   423   -0.00115333   -0.00110285             0   6.59151e-05             0             0             0  -0.000116397             0             0 
   424   -0.00762529   -0.00311193             0   -0.00422375             0             0             0  -0.000289612             0             0 
   425   -0.00655875   -0.00141591             0   -0.00476508             0             0             0  -0.000377766             0             0 
   426    0.00145602    0.00158789             0   3.99804e-05             0             0             0  -0.000171847             0             0 
   427    0.00329689    0.00479823             0   -0.00122829             0             0             0  -0.000273043             0             0 
   428    0.00560947    0.00771853             0    -0.0017567             0             0             0  -0.000352359             0             0 
   435  -5.30009e-05  -8.85796e-07             0  -5.08861e-05             0             0             0    -1.229e-06             0             0 
   436     0.0026666   0.000678436             0    0.00200701             0             0             0  -1.88466e-05             0             0 
   437    0.00403395   0.000690028             0    0.00338417             0             0             0  -4.02502e-05             0             0 
   438  -3.18852e-05  -2.10814e-05             0  -9.55374e-06             0             0             0  -1.25012e-06             0             0 
   439  -0.000458687  -0.000676176             0   0.000237755             0             0             0  -2.02647e-05             0             0 
   440   -0.00075862   -0.00127067             0   0.000546392             0             0             0  -3.43441e-05             0             0 
   441  -9.24035e-05  -8.55692e-05             0   6.75103e-07             0             0             0  -7.50947e-06             0             0 
   442  -0.000882846   -0.00155432             0   0.000720247             0             0             0  -4.87762e-05             0             0 
   443    -0.0011016   -0.00290112             0    0.00187556             0             0             0  -7.60445e-05             0             0 
   444  -0.000389643  -0.000398717             0    3.2267e-05             0             0             0  -2.31926e-05             0             0 
   445   -0.00185483  -0.000567488             0   -0.00119007             0             0             0  -9.72673e-05             0             0 
   446   -0.00228503   -0.00151406             0  -0.000643188             0             0             0  -0.000127775             0             0 
   447  -0.000343185  -0.000325675             0   2.28035e-05             0             0             0   -4.0313e-05             0             0 
   448    -0.0020377  -0.000522358             0   -0.00139526             0             0             0  -0.000120084             0             0 
   449   -0.00191779  -0.000106968             0   -0.00167717             0             0             0  -0.000133658             0             0 
   450   0.000390768   0.000423408             0   7.93796e-06             0             0             0   -4.0578e-05             0             0 
   451   0.000499341   0.000842456             0  -0.000255306             0             0             0  -8.78082e-05             0             0 
   452   0.000588154    0.00109602             0  -0.000413066             0             0             0  -9.48055e-05             0             0 
