#varID         total       dxdbVol      dxdbSurf          dSdb          dndb    dxdbDirect          dVdb      distance       options          dvdb
    27  -1.54065e-06   7.93237e-06             0   -9.4622e-06             0             0             0   -1.0819e-08             0             0 
    28    0.00186994   0.000904907             0   0.000960959             0             0             0    4.0708e-06             0             0 
    30   8.36039e-06    1.0929e-05             0  -3.09703e-06             0             0             0   5.28399e-07             0             0 
    31   0.000416176  -0.000301186             0   0.000708702             0             0             0   8.65945e-06             0             0 
    33   0.000115155   0.000101297             0   1.40448e-05             0             0             0  -1.86948e-07             0             0 
    34    0.00101735    0.00159801             0  -0.000592782             0             0             0   1.21297e-05             0             0 
    36    0.00119616    0.00113167             0   5.00661e-05             0             0             0   1.44266e-05             0             0 
    37    0.00340479     0.0116783             0    -0.0083064             0             0             0   3.28604e-05             0             0 
    39    0.00103153   0.000979032             0   3.00963e-05             0             0             0   2.23967e-05             0             0 
    40    0.00138092    0.00938745             0   -0.00803594             0             0             0   2.94068e-05             0             0 
    42   -0.00101444   -0.00109904             0   5.36784e-06             0             0             0   7.92308e-05             0             0 
    43   -0.00286388   -0.00157856             0   -0.00132711             0             0             0   4.17947e-05             0             0 
    51   9.05651e-06   4.52185e-05             0  -3.61338e-05             0             0             0  -2.81878e-08             0             0 
    52    0.00689002    0.00339033             0     0.0034982             0             0             0   1.48889e-06             0             0 
    54  -1.20809e-05   1.37648e-06             0  -1.36505e-05             0             0             0   1.93162e-07             0             0 
    55    0.00119226   -0.00154289             0    0.00273114             0             0             0   4.01293e-06             0             0 
    57   0.000264391   0.000243906             0   2.55456e-05             0             0             0  -5.06001e-06             0             0 
    58    0.00207463    0.00191362             0   0.000166371             0             0             0  -5.36127e-06             0             0 
    60    0.00143643    0.00136064             0   7.42291e-05             0             0             0   1.56458e-06             0             0 
    61    0.00486729     0.0138896             0    -0.0090235             0             0             0   1.14731e-06             0             0 
    63    0.00121132    0.00118054             0   3.07859e-05             0             0             0  -3.84389e-09             0             0 
    64    0.00204362    0.00921737             0   -0.00717405             0             0             0   3.03257e-07             0             0 
    66  -0.000225782  -0.000238387             0   3.15149e-06             0             0             0   9.45297e-06             0             0 
    67   -0.00111137   2.54361e-05             0   -0.00114765             0             0             0   1.08379e-05             0             0 
   123  -2.06086e-05   2.88436e-07             0  -2.09667e-05             0             0             0   6.96378e-08             0             0 
   124     0.0039225    0.00181773             0    0.00207944             0             0             0   2.53314e-05             0             0 
   125   0.000195934   9.79803e-05             0      9.54e-05             0             0             0   2.55354e-06             0             0 
   126   1.54711e-05   1.95653e-05             0  -6.82261e-06             0             0             0   2.72842e-06             0             0 
   127   0.000845954  -0.000945502             0    0.00173231             0             0             0   5.91427e-05             0             0 
   128  -0.000164238  -8.67368e-05             0  -8.31489e-05             0             0             0   5.64773e-06             0             0 
   129   0.000236716   0.000177032             0   3.21364e-05             0             0             0   2.75478e-05             0             0 
   130    0.00174423    0.00252102             0  -0.000928161             0             0             0   0.000151378             0             0 
   131   -0.00113417  -0.000126284             0   -0.00102179             0             0             0   1.39006e-05             0             0 
   132    0.00246004    0.00217289             0   0.000111431             0             0             0   0.000175717             0             0 
   133    0.00884696     0.0250871             0    -0.0166438             0             0             0   0.000403647             0             0 
   134   -0.00188214     0.0013886             0   -0.00330159             0             0             0   3.08498e-05             0             0 
   135   0.000717349   0.000537437             0   6.40905e-05             0             0             0   0.000115821             0             0 
   136     0.0031244     0.0192621             0    -0.0163278             0             0             0   0.000190115             0             0 
   137  -0.000550446    0.00165797             0   -0.00222183             0             0             0   1.34116e-05             0             0 
   138    -0.0033076    -0.0034021             0   8.37001e-06             0             0             0   8.61237e-05             0             0 
   139   -0.00721252    -0.0045568             0   -0.00266947             0             0             0   1.37517e-05             0             0 
   140  -0.000213936   8.65964e-05             0    -0.0003053             0             0             0   4.76818e-06             0             0 
   147  -3.10646e-05   4.60039e-05             0   -7.7119e-05             0             0             0   5.04281e-08             0             0 
   148     0.0138061    0.00644994             0    0.00733402             0             0             0   2.21344e-05             0             0 
   149   0.000670073   0.000353237             0   0.000313628             0             0             0   3.20767e-06             0             0 
   150  -6.47182e-06   2.20592e-05             0  -3.02554e-05             0             0             0   1.72441e-06             0             0 
   151    0.00226731   -0.00422685             0    0.00644323             0             0             0   5.09186e-05             0             0 
   152  -0.000432921  -0.000223816             0   -0.00021505             0             0             0   5.94516e-06             0             0 
   153   0.000687864   0.000625264             0    5.7828e-05             0             0             0   4.77287e-06             0             0 
   154    0.00348075    0.00251922             0   0.000908722             0             0             0   5.27987e-05             0             0 
   155   -0.00227338  -0.000173428             0   -0.00210625             0             0             0   6.29508e-06             0             0 
   156    0.00298177    0.00283141             0    0.00015701             0             0             0   -6.6531e-06             0             0 
   157     0.0109686     0.0281525             0    -0.0171679             0             0             0  -1.60149e-05             0             0 
   158   -0.00292827    0.00136797             0   -0.00429473             0             0             0  -1.51233e-06             0             0 
   159    0.00126393    0.00133597             0    6.5967e-05             0             0             0  -0.000138002             0             0 
   160    0.00358863      0.018008             0    -0.0141787             0             0             0  -0.000240626             0             0 
   161  -0.000865449    0.00124878             0   -0.00209647             0             0             0  -1.77656e-05             0             0 
   162   -0.00140722   -0.00135409             0   4.91001e-06             0             0             0  -5.80366e-05             0             0 
   163    -0.0034001   -0.00114834             0   -0.00216237             0             0             0  -8.93914e-05             0             0 
   164  -0.000620735  -0.000401185             0   -0.00021399             0             0             0  -5.55941e-06             0             0 
   219  -0.000148757  -0.000108704             0  -4.10012e-05             0             0             0   9.48621e-07             0             0 
   220    0.00475854     0.0017855             0     0.0028376             0             0             0   0.000135435             0             0 
   221   0.000819622  -0.000352817             0    0.00110457             0             0             0   6.78709e-05             0             0 
   222   3.52664e-06   1.73434e-05             0  -1.73843e-05             0             0             0   3.56748e-06             0             0 
   223   0.000693869   -0.00249489             0    0.00298776             0             0             0   0.000200996             0             0 
   224   -0.00040786   -0.00197896             0    0.00149656             0             0             0   7.45353e-05             0             0 
   225   0.000490953   0.000407947             0   2.92054e-05             0             0             0      5.38e-05             0             0 
   226    0.00138514   0.000186172             0   0.000865954             0             0             0   0.000333014             0             0 
   227   -0.00015574   -0.00156259             0    0.00131637             0             0             0   9.04766e-05             0             0 
   228    0.00230534    0.00196072             0   0.000154859             0             0             0   0.000189763             0             0 
   229    0.00788911     0.0238168             0    -0.0164353             0             0             0   0.000507575             0             0 
   230   0.000875504    0.00564169             0   -0.00487257             0             0             0   0.000106389             0             0 
   231   0.000566553   0.000374553             0   0.000125874             0             0             0   6.61259e-05             0             0 
   232    0.00416757     0.0248452             0    -0.0208002             0             0             0   0.000122575             0             0 
   233   0.000770757    0.00909285             0   -0.00836098             0             0             0   3.88892e-05             0             0 
   234    -0.0018085    -0.0018539             0   3.25611e-05             0             0             0   1.28355e-05             0             0 
   235   -0.00140669    0.00219214             0   -0.00357191             0             0             0  -2.69182e-05             0             0 
   236   0.000347005    0.00264994             0   -0.00230469             0             0             0   1.75432e-06             0             0 
   243  -0.000352197  -0.000248694             0  -0.000104538             0             0             0   1.03431e-06             0             0 
   244      0.014822    0.00639419             0    0.00828799             0             0             0   0.000139773             0             0 
   245    0.00169851  -0.000353304             0    0.00195186             0             0             0   9.99521e-05             0             0 
   246  -2.18001e-05   1.92749e-05             0  -4.08303e-05             0             0             0  -2.44619e-07             0             0 
   247    0.00167468   -0.00700588             0    0.00851031             0             0             0   0.000170257             0             0 
   248    -0.0013138   -0.00388347             0    0.00248109             0             0             0   8.85785e-05             0             0 
   249    0.00122195    0.00116121             0   5.42483e-05             0             0             0     6.491e-06             0             0 
   250    0.00209072    -0.0014118             0     0.0034059             0             0             0   9.66182e-05             0             0 
   251   -0.00093664    -0.0027495             0     0.0017613             0             0             0   5.15678e-05             0             0 
   252    0.00295022    0.00283831             0   0.000166251             0             0             0  -5.43448e-05             0             0 
   253    0.00853684     0.0226562             0     -0.013984             0             0             0  -0.000135374             0             0 
   254    0.00107606    0.00463071             0   -0.00355796             0             0             0   3.31085e-06             0             0 
   255   0.000660923   0.000756506             0   9.47222e-05             0             0             0  -0.000190305             0             0 
   256    0.00241545     0.0178229             0    -0.0150557             0             0             0  -0.000351794             0             0 
   257   0.000653046    0.00578204             0    -0.0051002             0             0             0  -2.87916e-05             0             0 
   258    -0.0009364  -0.000879286             0   1.26276e-05             0             0             0  -6.97416e-05             0             0 
   259   -0.00155951   0.000951081             0   -0.00240726             0             0             0  -0.000103327             0             0 
   260  -0.000167282   0.000817548             0  -0.000973545             0             0             0  -1.12853e-05             0             0 
   315  -0.000368729   -0.00026536             0  -0.000104768             0             0             0   1.39974e-06             0             0 
   316    0.00400067  -4.05244e-05             0    0.00390629             0             0             0   0.000134906             0             0 
   317    0.00278046   -0.00210894             0    0.00482588             0             0             0   6.35223e-05             0             0 
   318  -1.21949e-05   5.25884e-05             0  -6.52576e-05             0             0             0   4.74366e-07             0             0 
   319  -1.96078e-05   -0.00529002             0    0.00511237             0             0             0   0.000158035             0             0 
   320  -0.000786703   -0.00743248             0    0.00657456             0             0             0   7.12123e-05             0             0 
   321    0.00028531   0.000269765             0  -7.73195e-06             0             0             0   2.32771e-05             0             0 
   322   0.000476182   -0.00413702             0    0.00442398             0             0             0   0.000189225             0             0 
   323   0.000387092   -0.00686347             0    0.00715311             0             0             0   9.74452e-05             0             0 
   324     0.0011598   0.000910727             0   0.000190658             0             0             0   5.84103e-05             0             0 
   325    0.00292925     0.0120128             0   -0.00927679             0             0             0   0.000193231             0             0 
   326   0.000757171    0.00377983             0   -0.00313721             0             0             0   0.000114559             0             0 
   327    0.00170706     0.0015202             0   0.000218245             0             0             0  -3.13817e-05             0             0 
   328    0.00430217     0.0236558             0    -0.0193305             0             0             0  -2.31658e-05             0             0 
   329     0.0013816      0.017462             0    -0.0160534             0             0             0  -2.69669e-05             0             0 
   330    0.00223937    0.00228916             0   7.09657e-05             0             0             0  -0.000120759             0             0 
   331     0.0078751     0.0128293             0   -0.00483962             0             0             0  -0.000114569             0             0 
   332     0.0051229     0.0110279             0   -0.00578639             0             0             0    -0.0001186             0             0 
   339   -0.00057596  -0.000444358             0  -0.000131891             0             0             0   2.89246e-07             0             0 
   340    0.00916685    0.00224469             0    0.00684122             0             0             0    8.0945e-05             0             0 
   341    0.00261305   -0.00281513             0    0.00539932             0             0             0   2.88641e-05             0             0 
   342   6.83511e-06   8.93515e-05             0  -8.13466e-05             0             0             0  -1.16983e-06             0             0 
   343   -0.00029051   -0.00878548             0    0.00842936             0             0             0   6.56072e-05             0             0 
   344   -0.00282374    -0.0100868             0    0.00723178             0             0             0   3.12477e-05             0             0 
   345   0.000575117   0.000574071             0   5.59048e-06             0             0             0  -4.54483e-06             0             0 
   346  -0.000181395   -0.00604552             0    0.00586515             0             0             0  -1.02607e-06             0             0 
   347  -0.000852026   -0.00692166             0    0.00604615             0             0             0   2.34788e-05             0             0 
   348    0.00138174    0.00127614             0   0.000142894             0             0             0  -3.72916e-05             0             0 
   349    0.00310155    0.00840743             0   -0.00520047             0             0             0  -0.000105403             0             0 
   350    0.00121247      0.002812             0    -0.0015877             0             0             0  -1.18355e-05             0             0 
   351   0.000779904   0.000741934             0   0.000114187             0             0             0  -7.62169e-05             0             0 
   352    0.00157429     0.0118498             0    -0.0101286             0             0             0  -0.000146917             0             0 
   353    0.00030101     0.0076201             0   -0.00726662             0             0             0  -5.24709e-05             0             0 
   354   0.000473693   0.000497321             0   2.11131e-05             0             0             0  -4.47416e-05             0             0 
   355    0.00137943    0.00349201             0   -0.00205326             0             0             0   -5.9322e-05             0             0 
   356    0.00066258    0.00261839             0   -0.00191386             0             0             0  -4.19453e-05             0             0 
   411  -0.000198065  -9.17878e-05             0  -0.000104338             0             0             0  -1.93932e-06             0             0 
   412    0.00195067  -0.000837224             0    0.00283612             0             0             0  -4.82195e-05             0             0 
   413    0.00345245   -0.00154759             0    0.00508921             0             0             0  -8.91728e-05             0             0 
   414   -2.4235e-05   3.26163e-05             0  -5.82278e-05             0             0             0   1.37648e-06             0             0 
   415  -0.000337832   -0.00386267             0    0.00359056             0             0             0  -6.57224e-05             0             0 
   416  -0.000259793   -0.00658929             0     0.0064335             0             0             0  -0.000103998             0             0 
   417  -7.30231e-05  -4.46996e-05             0  -2.50998e-05             0             0             0   -3.2237e-06             0             0 
   418  -0.000795154    -0.0038881             0    0.00317482             0             0             0  -8.18743e-05             0             0 
   419  -0.000326507   -0.00744487             0    0.00725366             0             0             0  -0.000135299             0             0 
   420  -0.000236023  -0.000275837             0   6.96819e-05             0             0             0  -2.98676e-05             0             0 
   421   -0.00189524  -0.000134677             0   -0.00166356             0             0             0  -9.70028e-05             0             0 
   422   -0.00149554    -0.0039804             0    0.00265288             0             0             0  -0.000168022             0             0 
   423   0.000664913   0.000689188             0   0.000107263             0             0             0  -0.000131539             0             0 
   424  -0.000657791    0.00659465             0   -0.00704249             0             0             0  -0.000209958             0             0 
   425  -0.000836601    0.00640646             0    -0.0069791             0             0             0  -0.000263962             0             0 
   426    0.00206034    0.00221408             0   3.79175e-05             0             0             0   -0.00019166             0             0 
   427    0.00351233    0.00609398             0   -0.00235791             0             0             0  -0.000223742             0             0 
   428    0.00319751    0.00637242             0   -0.00292798             0             0             0  -0.000246924             0             0 
   435   -0.00018502  -0.000114023             0  -6.79706e-05             0             0             0  -3.02613e-06             0             0 
   436    0.00109371   -0.00104504             0    0.00221141             0             0             0  -7.26589e-05             0             0 
   437    0.00105457   -0.00222004             0    0.00340225             0             0             0   -0.00012764             0             0 
   438   4.73156e-05   9.05027e-05             0  -4.69623e-05             0             0             0   3.77522e-06             0             0 
   439  -0.000772981    -0.0037179             0    0.00301688             0             0             0  -7.19615e-05             0             0 
   440   -0.00134015   -0.00577825             0    0.00454646             0             0             0  -0.000108361             0             0 
   441  -6.51583e-06   1.23884e-05             0  -1.60905e-05             0             0             0  -2.81372e-06             0             0 
   442  -0.000528238   -0.00305106             0     0.0025886             0             0             0  -6.57856e-05             0             0 
   443  -0.000336953   -0.00457985             0    0.00433605             0             0             0  -9.31539e-05             0             0 
   444  -6.57142e-06  -2.32358e-05             0   3.65252e-05             0             0             0  -1.98608e-05             0             0 
   445  -0.000160416   -0.00026236             0   0.000172667             0             0             0  -7.07235e-05             0             0 
   446  -3.79244e-05   -0.00158283             0    0.00163615             0             0             0  -9.12384e-05             0             0 
   447    0.00013064   0.000132371             0   3.87578e-05             0             0             0  -4.04881e-05             0             0 
   448  -1.75745e-06    0.00217626             0   -0.00210145             0             0             0  -7.65665e-05             0             0 
   449  -0.000171806    0.00219277             0   -0.00228119             0             0             0  -8.33886e-05             0             0 
   450   0.000324554    0.00035501             0    8.2585e-06             0             0             0  -3.87141e-05             0             0 
   451   0.000577568    0.00120148             0  -0.000570697             0             0             0  -5.32152e-05             0             0 
   452   0.000362293     0.0011746             0  -0.000759303             0             0             0  -5.30025e-05             0             0 
