#varID         total       dxdbVol      dxdbSurf          dSdb          dndb    dxdbDirect          dVdb      distance       options          dvdb
    27   -9.6903e-06   7.19093e-07             0  -1.05468e-05             0             0             0   1.37387e-07             0             0 
    28    0.00186204   0.000813057             0    0.00105198             0             0             0  -2.99855e-06             0             0 
    30   4.36708e-06   8.61847e-06             0  -4.90482e-06             0             0             0   6.53428e-07             0             0 
    31   0.000455779   -0.00066465             0    0.00111364             0             0             0   6.78535e-06             0             0 
    33    9.5187e-05   7.87789e-05             0   1.74252e-05             0             0             0  -1.01721e-06             0             0 
    34   0.000883734    0.00199703             0   -0.00112365             0             0             0   1.03563e-05             0             0 
    36    0.00119599    0.00113633             0   4.89393e-05             0             0             0   1.07113e-05             0             0 
    37    0.00331208     0.0115449             0    -0.0082559             0             0             0   2.30859e-05             0             0 
    39    0.00118532    0.00113642             0   2.95696e-05             0             0             0   1.93291e-05             0             0 
    40    0.00167814    0.00932049             0   -0.00766807             0             0             0   2.57165e-05             0             0 
    42  -0.000705556  -0.000778424             0   5.79933e-06             0             0             0   6.70691e-05             0             0 
    43   -0.00226347  -0.000798279             0   -0.00150328             0             0             0   3.80835e-05             0             0 
    51  -3.73373e-06   3.71828e-05             0  -4.10519e-05             0             0             0   1.35381e-07             0             0 
    52    0.00681616    0.00294323             0    0.00388253             0             0             0  -9.59756e-06             0             0 
    54  -2.42244e-05  -2.22628e-06             0  -2.23625e-05             0             0             0   3.64407e-07             0             0 
    55      0.001344   -0.00310794             0    0.00445174             0             0             0   1.99742e-07             0             0 
    57   0.000228246   0.000199646             0   3.39941e-05             0             0             0  -5.39415e-06             0             0 
    58    0.00186757    0.00280842             0  -0.000935775             0             0             0  -5.08047e-06             0             0 
    60    0.00139957    0.00132193             0   7.44792e-05             0             0             0    3.1561e-06             0             0 
    61    0.00453904     0.0140749             0   -0.00954108             0             0             0   5.20216e-06             0             0 
    63    0.00132435    0.00129014             0   2.94944e-05             0             0             0   4.72223e-06             0             0 
    64    0.00229121    0.00904539             0   -0.00676507             0             0             0   1.08897e-05             0             0 
    66  -7.47583e-05  -8.85426e-05             0   3.38848e-06             0             0             0   1.03957e-05             0             0 
    67  -0.000855315   0.000327459             0   -0.00119912             0             0             0   1.63479e-05             0             0 
   123  -7.55017e-05  -5.17073e-05             0  -2.38722e-05             0             0             0   7.78513e-08             0             0 
   124     0.0038865    0.00157491             0    0.00230231             0             0             0   9.27809e-06             0             0 
   125   0.000209373   7.99151e-05             0   0.000128337             0             0             0   1.12054e-06             0             0 
   126   1.81335e-06   1.11332e-05             0  -1.20478e-05             0             0             0   2.72796e-06             0             0 
   127   0.000964652   -0.00181592             0    0.00271853             0             0             0   6.20387e-05             0             0 
   128  -0.000146008  -0.000152201             0   5.39821e-07             0             0             0   5.65266e-06             0             0 
   129    0.00020186   0.000132254             0   3.78178e-05             0             0             0    3.1788e-05             0             0 
   130    0.00170222     0.0035107             0   -0.00197981             0             0             0   0.000171331             0             0 
   131   -0.00115784  -5.16888e-05             0   -0.00112045             0             0             0   1.42972e-05             0             0 
   132    0.00236103    0.00205733             0   0.000106333             0             0             0   0.000197369             0             0 
   133    0.00912448     0.0251929             0    -0.0165166             0             0             0   0.000448158             0             0 
   134   -0.00162078    0.00163594             0   -0.00328982             0             0             0   3.31047e-05             0             0 
   135   0.000457845   0.000268669             0   6.09931e-05             0             0             0   0.000128183             0             0 
   136    0.00294099     0.0180519             0    -0.0153267             0             0             0   0.000215769             0             0 
   137  -0.000470149    0.00169641             0   -0.00218219             0             0             0   1.56381e-05             0             0 
   138   -0.00304346   -0.00310992             0     8.515e-06             0             0             0   5.79484e-05             0             0 
   139   -0.00691484   -0.00388188             0   -0.00303516             0             0             0   2.20092e-06             0             0 
   140  -0.000301859   7.67984e-05             0  -0.000380793             0             0             0   2.13594e-06             0             0 
   147  -0.000189533  -9.95913e-05             0  -8.97479e-05             0             0             0  -1.93885e-07             0             0 
   148      0.013581    0.00535626             0    0.00822444             0             0             0   2.73498e-07             0             0 
   149   0.000712101   0.000273525             0   0.000437293             0             0             0   1.28322e-06             0             0 
   150   -4.1641e-05   1.00169e-05             0   -5.3198e-05             0             0             0    1.5401e-06             0             0 
   151    0.00267943   -0.00777729             0     0.0104053             0             0             0   5.14136e-05             0             0 
   152  -0.000336316  -0.000473683             0   0.000131551             0             0             0   5.81577e-06             0             0 
   153   0.000608713   0.000530303             0   7.17665e-05             0             0             0   6.64289e-06             0             0 
   154    0.00348825    0.00454542             0   -0.00112295             0             0             0   6.57798e-05             0             0 
   155   -0.00236074  -6.80704e-05             0    -0.0022994             0             0             0   6.73667e-06             0             0 
   156    0.00279492    0.00264864             0    0.00015334             0             0             0  -7.05385e-06             0             0 
   157     0.0108928      0.029128             0    -0.0182158             0             0             0  -1.94734e-05             0             0 
   158   -0.00263506    0.00173362             0   -0.00436663             0             0             0   -2.0594e-06             0             0 
   159    0.00102764    0.00111718             0   6.19603e-05             0             0             0  -0.000151494             0             0 
   160    0.00346999     0.0169651             0    -0.0132271             0             0             0   -0.00026793             0             0 
   161  -0.000626265    0.00142837             0   -0.00203401             0             0             0  -2.06231e-05             0             0 
   162   -0.00133749   -0.00127608             0    4.9179e-06             0             0             0  -6.63253e-05             0             0 
   163   -0.00336991   -0.00103616             0   -0.00223786             0             0             0  -9.58886e-05             0             0 
   164  -0.000599832  -0.000343758             0  -0.000249695             0             0             0  -6.38004e-06             0             0 
   219  -0.000291039  -0.000245663             0  -4.58783e-05             0             0             0   5.02979e-07             0             0 
   220    0.00462721    0.00134943             0    0.00315369             0             0             0   0.000124095             0             0 
   221   0.000546626  -0.000705502             0     0.0011837             0             0             0   6.84249e-05             0             0 
   222  -2.90732e-06   2.46578e-05             0  -2.78045e-05             0             0             0   2.39368e-07             0             0 
   223   0.000742404   -0.00383841             0    0.00435484             0             0             0   0.000225972             0             0 
   224  -0.000459079   -0.00247284             0    0.00193232             0             0             0   8.14436e-05             0             0 
   225   0.000471764    0.00037582             0   3.40598e-05             0             0             0   6.18837e-05             0             0 
   226    0.00130405    0.00100702             0  -8.85702e-05             0             0             0   0.000385598             0             0 
   227  -0.000212405    -0.0014295             0    0.00111849             0             0             0    9.8612e-05             0             0 
   228    0.00242823    0.00205375             0   0.000153088             0             0             0     0.0002214             0             0 
   229    0.00855671     0.0247325             0    -0.0167533             0             0             0   0.000577501             0             0 
   230    0.00118183    0.00622528             0   -0.00515705             0             0             0   0.000113601             0             0 
   231   0.000376952   0.000175252             0   0.000122496             0             0             0   7.92032e-05             0             0 
   232    0.00408588     0.0240179             0    -0.0200762             0             0             0   0.000144186             0             0 
   233   0.000872195    0.00881941             0   -0.00799296             0             0             0   4.57437e-05             0             0 
   234   -0.00220438   -0.00221569             0   3.01595e-05             0             0             0  -1.88474e-05             0             0 
   235   -0.00275281    0.00102047             0   -0.00372407             0             0             0  -4.92117e-05             0             0 
   236   -8.0766e-05     0.0019249             0   -0.00200306             0             0             0  -2.59833e-06             0             0 
   243  -0.000754807  -0.000634636             0  -0.000120222             0             0             0   5.12331e-08             0             0 
   244     0.0145523    0.00509905             0    0.00932761             0             0             0   0.000125659             0             0 
   245     0.0011714   -0.00106279             0    0.00213161             0             0             0   0.000102575             0             0 
   246  -2.18168e-05   5.63916e-05             0  -7.36533e-05             0             0             0    -4.555e-06             0             0 
   247    0.00181727    -0.0113281             0     0.0129554             0             0             0   0.000189992             0             0 
   248   -0.00155667   -0.00491143             0    0.00325765             0             0             0   9.71086e-05             0             0 
   249    0.00118598    0.00111572             0   6.30778e-05             0             0             0   7.18783e-06             0             0 
   250    0.00184244  -0.000118495             0    0.00184117             0             0             0   0.000119767             0             0 
   251   -0.00120129   -0.00271473             0    0.00145437             0             0             0   5.90751e-05             0             0 
   252    0.00297472    0.00287492             0   0.000164862             0             0             0   -6.5071e-05             0             0 
   253    0.00872463     0.0241477             0    -0.0152616             0             0             0  -0.000161403             0             0 
   254    0.00132966    0.00538179             0   -0.00405779             0             0             0   5.66476e-06             0             0 
   255   0.000494467   0.000633124             0   9.16972e-05             0             0             0  -0.000230354             0             0 
   256     0.0024017     0.0172769             0    -0.0144467             0             0             0  -0.000428469             0             0 
   257   0.000882028    0.00584621             0   -0.00493035             0             0             0  -3.38391e-05             0             0 
   258   -0.00111955   -0.00103788             0    1.1784e-05             0             0             0  -9.34518e-05             0             0 
   259   -0.00210788    0.00044863             0   -0.00242019             0             0             0  -0.000136325             0             0 
   260  -0.000300586   0.000553483             0  -0.000837957             0             0             0  -1.61111e-05             0             0 
   315  -0.000589863  -0.000477444             0  -0.000113456             0             0             0   1.03676e-06             0             0 
   316     0.0033961  -0.000972878             0    0.00423937             0             0             0   0.000129609             0             0 
   317    0.00170838   -0.00340366             0    0.00505131             0             0             0   6.07289e-05             0             0 
   318  -1.42843e-05   7.23219e-05             0  -8.33734e-05             0             0             0  -3.23284e-06             0             0 
   319   0.000104088   -0.00691957             0    0.00684605             0             0             0   0.000177605             0             0 
   320  -0.000603057   -0.00914796             0    0.00846416             0             0             0   8.07488e-05             0             0 
   321   0.000269203   0.000245315             0   -2.1029e-06             0             0             0    2.5991e-05             0             0 
   322   0.000534631   -0.00383363             0    0.00414642             0             0             0   0.000221846             0             0 
   323   0.000677947   -0.00661829             0    0.00718068             0             0             0   0.000115558             0             0 
   324    0.00152033      0.001247             0   0.000201979             0             0             0   7.13558e-05             0             0 
   325    0.00365908     0.0133108             0   -0.00987637             0             0             0    0.00022468             0             0 
   326    0.00133623    0.00494958             0   -0.00374594             0             0             0   0.000132599             0             0 
   327    0.00227467      0.002093             0   0.000220454             0             0             0  -3.87791e-05             0             0 
   328    0.00508589     0.0246224             0    -0.0194991             0             0             0  -3.74873e-05             0             0 
   329    0.00167457      0.018177             0    -0.0164732             0             0             0  -2.91739e-05             0             0 
   330    0.00214221    0.00225271             0   6.48687e-05             0             0             0  -0.000175365             0             0 
   331    0.00684375      0.011747             0   -0.00472126             0             0             0  -0.000181948             0             0 
   332    0.00418723    0.00998672             0   -0.00565357             0             0             0  -0.000145919             0             0 
   339  -0.000944125  -0.000796053             0  -0.000147381             0             0             0   -6.8977e-07             0             0 
   340     0.0082985   0.000674691             0    0.00755492             0             0             0   6.88902e-05             0             0 
   341    0.00102455   -0.00462211             0    0.00562416             0             0             0   2.25006e-05             0             0 
   342   8.46592e-05   0.000203418             0  -0.000115455             0             0             0  -3.30309e-06             0             0 
   343  -0.000269435    -0.0119928             0      0.011653             0             0             0   7.04201e-05             0             0 
   344   -0.00302354    -0.0123177             0    0.00926008             0             0             0   3.41249e-05             0             0 
   345   0.000561607   0.000556341             0   1.02065e-05             0             0             0  -4.94023e-06             0             0 
   346   -0.00038533     -0.005854             0    0.00546304             0             0             0   5.62894e-06             0             0 
   347  -0.000774913   -0.00680722             0     0.0060024             0             0             0   2.99048e-05             0             0 
   348    0.00156886     0.0014597             0   0.000151658             0             0             0  -4.25052e-05             0             0 
   349    0.00332487     0.0095166             0     -0.006076             0             0             0  -0.000115731             0             0 
   350    0.00141646    0.00370234             0   -0.00227588             0             0             0  -1.00041e-05             0             0 
   351   0.000994838   0.000981167             0     0.0001158             0             0             0  -0.000102129             0             0 
   352    0.00198189     0.0123629             0    -0.0101879             0             0             0  -0.000193052             0             0 
   353   0.000458122    0.00799685             0   -0.00747399             0             0             0  -6.47376e-05             0             0 
   354   0.000415052   0.000470588             0   1.95598e-05             0             0             0  -7.50955e-05             0             0 
   355    0.00111051    0.00323914             0   -0.00202507             0             0             0  -0.000103554             0             0 
   356   0.000479913    0.00238987             0   -0.00185089             0             0             0    -5.906e-05             0             0 
   411  -0.000336253  -0.000222784             0  -0.000110461             0             0             0  -3.00721e-06             0             0 
   412     0.0014958    -0.0014509             0    0.00300343             0             0             0  -5.67312e-05             0             0 
   413    0.00265477   -0.00252562             0    0.00527954             0             0             0  -9.91537e-05             0             0 
   414     -5.37e-05   1.37774e-05             0  -7.01741e-05             0             0             0   2.69677e-06             0             0 
   415   -0.00018358   -0.00488069             0     0.0047678             0             0             0  -7.06888e-05             0             0 
   416   5.53184e-05   -0.00813091             0    0.00829926             0             0             0  -0.000113031             0             0 
   417  -9.07284e-05  -6.61633e-05             0  -2.23107e-05             0             0             0  -2.25439e-06             0             0 
   418  -0.000614778   -0.00386302             0    0.00333423             0             0             0  -8.59855e-05             0             0 
   419   2.46756e-05   -0.00735215             0    0.00752286             0             0             0  -0.000146034             0             0 
   420   -6.0871e-05  -0.000103081             0   7.72332e-05             0             0             0  -3.50237e-05             0             0 
   421    -0.0014818   0.000420451             0   -0.00179166             0             0             0  -0.000110594             0             0 
   422  -0.000869169   -0.00330876             0    0.00262366             0             0             0  -0.000184077             0             0 
   423    0.00114053    0.00119309             0   0.000111981             0             0             0  -0.000164532             0             0 
   424  -5.86909e-05    0.00751779             0   -0.00730969             0             0             0  -0.000266796             0             0 
   425  -0.000311156    0.00739445             0   -0.00741492             0             0             0  -0.000290683             0             0 
   426    0.00237993    0.00258845             0   3.55589e-05             0             0             0  -0.000244088             0             0 
   427    0.00341119    0.00604388             0   -0.00233165             0             0             0   -0.00030104             0             0 
   428    0.00265231    0.00592045             0   -0.00299657             0             0             0   -0.00027157             0             0 
   435  -0.000321376  -0.000243211             0  -7.34555e-05             0             0             0  -4.70976e-06             0             0 
   436   0.000510923   -0.00175045             0    0.00234381             0             0             0  -8.24403e-05             0             0 
   437   0.000168187   -0.00318223             0    0.00349122             0             0             0  -0.000140804             0             0 
   438   7.14373e-05   0.000123085             0  -5.82472e-05             0             0             0   6.59934e-06             0             0 
   439  -0.000735569   -0.00460866             0    0.00395498             0             0             0  -8.18855e-05             0             0 
   440   -0.00124412    -0.0069891             0    0.00586626             0             0             0  -0.000121277             0             0 
   441  -7.37011e-06   8.94482e-06             0   -1.4296e-05             0             0             0  -2.01897e-06             0             0 
   442  -0.000440645   -0.00305826             0    0.00269326             0             0             0  -7.56393e-05             0             0 
   443  -0.000107413   -0.00448605             0    0.00448684             0             0             0  -0.000108205             0             0 
   444   5.43516e-05   3.73547e-05             0   4.10625e-05             0             0             0  -2.40656e-05             0             0 
   445   -4.1241e-05   -3.0584e-05             0   7.22625e-05             0             0             0  -8.29196e-05             0             0 
   446    0.00014317   -0.00124699             0    0.00149508             0             0             0  -0.000104924             0             0 
   447   0.000253846   0.000269293             0   4.07364e-05             0             0             0  -5.61834e-05             0             0 
   448   0.000169089    0.00245909             0   -0.00218597             0             0             0  -0.000104028             0             0 
   449  -3.17276e-05    0.00253491             0   -0.00246747             0             0             0  -9.91672e-05             0             0 
   450   0.000391168   0.000441297             0   7.75508e-06             0             0             0  -5.78845e-05             0             0 
   451   0.000586111    0.00123115             0  -0.000562583             0             0             0  -8.24601e-05             0             0 
   452   0.000298462    0.00114817             0  -0.000783867             0             0             0  -6.58425e-05             0             0 
