#varID         total       dxdbVol      dxdbSurf          dSdb          dndb    dxdbDirect          dVdb      distance       options          dvdb
    27   9.71706e-06   1.73999e-05             0  -7.33915e-06             0             0             0  -3.43723e-07             0             0 
    28     0.0017504   0.000856681             0    0.00086768             0             0             0   2.60397e-05             0             0 
    30   1.11665e-06  -2.63883e-06             0   1.99328e-06             0             0             0    1.7622e-06             0             0 
    31  -3.84154e-06   0.000307399             0   -0.00033675             0             0             0   2.55092e-05             0             0 
    33  -0.000180036  -0.000196612             0   1.45113e-05             0             0             0   2.06493e-06             0             0 
    34  -0.000715409   0.000731578             0   -0.00147482             0             0             0   2.78323e-05             0             0 
    36   -0.00144764    -0.0014847             0   3.92234e-05             0             0             0  -2.16442e-06             0             0 
    37   -0.00349252    0.00397827             0   -0.00748778             0             0             0   1.69888e-05             0             0 
    39  -0.000491326  -0.000442867             0    1.9814e-05             0             0             0  -6.82731e-05             0             0 
    40   -0.00113214    0.00458516             0   -0.00569346             0             0             0  -2.38361e-05             0             0 
    42    0.00419912    0.00420575             0    1.0759e-05             0             0             0   -1.7395e-05             0             0 
    43     0.0153263     0.0149088             0   0.000420683             0             0             0  -3.21148e-06             0             0 
    51   3.11784e-05   5.82613e-05             0    -2.657e-05             0             0             0  -5.12847e-07             0             0 
    52    0.00629822     0.0031841             0    0.00308222             0             0             0      3.19e-05             0             0 
    54  -1.94298e-05  -2.82331e-05             0   7.55439e-06             0             0             0   1.24892e-06             0             0 
    55  -0.000312233   0.000998006             0   -0.00133435             0             0             0   2.41153e-05             0             0 
    57  -0.000194723  -0.000217723             0   2.84546e-05             0             0             0  -5.45412e-06             0             0 
    58   -0.00160483   0.000706251             0   -0.00231233             0             0             0   1.24108e-06             0             0 
    60   -0.00117475   -0.00123493             0   6.28197e-05             0             0             0  -2.63976e-06             0             0 
    61   -0.00291147    0.00620161             0   -0.00910965             0             0             0  -3.44111e-06             0             0 
    63   -0.00087251  -0.000872334             0   2.04089e-05             0             0             0  -2.05855e-05             0             0 
    64   -0.00260485    0.00282021             0   -0.00542909             0             0             0   4.02539e-06             0             0 
    66    0.00180067    0.00182094             0   3.91101e-06             0             0             0  -2.41813e-05             0             0 
    67    0.00486718    0.00520812             0  -0.000342938             0             0             0    1.9956e-06             0             0 
   123   1.72259e-05   3.32437e-05             0   -1.5307e-05             0             0             0  -7.10742e-07             0             0 
   124    0.00372936    0.00185188             0    0.00181218             0             0             0   6.53037e-05             0             0 
   125    0.00013339   7.94755e-05             0   5.02628e-05             0             0             0   3.65197e-06             0             0 
   126   2.09678e-06  -8.48819e-06             0   6.19617e-06             0             0             0   4.38879e-06             0             0 
   127   5.49914e-05   0.000670405             0  -0.000679096             0             0             0   6.36822e-05             0             0 
   128  -0.000289042  -2.66113e-05             0   -0.00026627             0             0             0   3.83905e-06             0             0 
   129  -0.000332793  -0.000373672             0   3.35278e-05             0             0             0   7.35136e-06             0             0 
   130   -0.00109188    0.00174592             0   -0.00290642             0             0             0   6.86178e-05             0             0 
   131   -0.00107132  -5.36584e-05             0   -0.00102162             0             0             0   3.96206e-06             0             0 
   132   -0.00290399   -0.00298933             0   8.34986e-05             0             0             0   1.84401e-06             0             0 
   133    -0.0066108    0.00824287             0    -0.0148992             0             0             0   4.54985e-05             0             0 
   134   -0.00168948   0.000973059             0   -0.00266453             0             0             0   1.99129e-06             0             0 
   135    -0.0014717   -0.00142789             0   4.23007e-05             0             0             0  -8.61105e-05             0             0 
   136   -0.00226167    0.00933568             0    -0.0115675             0             0             0  -2.98048e-05             0             0 
   137   0.000380366    0.00217882             0    -0.0017914             0             0             0  -7.06134e-06             0             0 
   138     0.0067609    0.00670394             0     2.052e-05             0             0             0   3.64454e-05             0             0 
   139     0.0254748     0.0244359             0    0.00101816             0             0             0   2.07005e-05             0             0 
   140    0.00253524    0.00307592             0  -0.000543472             0             0             0   2.79271e-06             0             0 
   147   5.20532e-05   0.000105859             0  -5.28241e-05             0             0             0  -9.81327e-07             0             0 
   148     0.0130068    0.00670099             0     0.0062303             0             0             0    7.5539e-05             0             0 
   149   0.000431721   0.000274961             0   0.000152259             0             0             0   4.50032e-06             0             0 
   150  -4.17742e-05  -6.66437e-05             0    2.1718e-05             0             0             0   3.15158e-06             0             0 
   151  -0.000442476    0.00210025             0   -0.00260077             0             0             0   5.80362e-05             0             0 
   152  -0.000935907  -2.34406e-05             0   -0.00091612             0             0             0   3.65367e-06             0             0 
   153  -0.000304653  -0.000362747             0   6.53237e-05             0             0             0  -7.22947e-06             0             0 
   154   -0.00239531     0.0019701             0   -0.00437267             0             0             0   7.26085e-06             0             0 
   155   -0.00227436  -6.06363e-05             0    -0.0022138             0             0             0   7.05728e-08             0             0 
   156   -0.00228693   -0.00241386             0   0.000128546             0             0             0  -1.61916e-06             0             0 
   157   -0.00515942       0.01223             0    -0.0173879             0             0             0  -1.48805e-06             0             0 
   158    -0.0023663    0.00121611             0   -0.00358159             0             0             0  -8.18924e-07             0             0 
   159   -0.00199919   -0.00202058             0   4.21168e-05             0             0             0  -2.07233e-05             0             0 
   160   -0.00502755    0.00556713             0    -0.0106078             0             0             0   1.31651e-05             0             0 
   161  -0.000109777    0.00148821             0   -0.00159617             0             0             0  -1.81276e-06             0             0 
   162    0.00258155    0.00258766             0   7.85407e-06             0             0             0  -1.39663e-05             0             0 
   163    0.00797644    0.00850572             0  -0.000545116             0             0             0   1.58419e-05             0             0 
   164   0.000808404    0.00101771             0  -0.000207724             0             0             0  -1.58419e-06             0             0 
   219  -4.03253e-05  -1.00364e-05             0   -3.0377e-05             0             0             0   8.81327e-08             0             0 
   220    0.00480569    0.00230319             0    0.00238569             0             0             0   0.000116809             0             0 
   221    0.00140295   0.000417336             0    0.00095357             0             0             0   3.20456e-05             0             0 
   222  -2.71272e-05  -4.28003e-05             0    8.8118e-06             0             0             0   6.86126e-06             0             0 
   223   9.93165e-05   0.000346589             0  -0.000350863             0             0             0   0.000103591             0             0 
   224  -0.000145996  -0.000523917             0   0.000348966             0             0             0   2.89549e-05             0             0 
   225  -0.000280193  -0.000339981             0   4.23305e-05             0             0             0   1.74571e-05             0             0 
   226  -0.000981718    0.00100609             0   -0.00210295             0             0             0   0.000115146             0             0 
   227  -0.000401107  -0.000706358             0   0.000250676             0             0             0   5.45761e-05             0             0 
   228   -0.00295111   -0.00309946             0   0.000115707             0             0             0   3.26423e-05             0             0 
   229   -0.00728376     0.0076881             0    -0.0150974             0             0             0   0.000125561             0             0 
   230    -0.0015436    0.00297022             0   -0.00459695             0             0             0   8.31297e-05             0             0 
   231   -0.00184623   -0.00194266             0   8.86485e-05             0             0             0   7.78019e-06             0             0 
   232   -0.00135966     0.0125273             0     -0.013946             0             0             0   5.90935e-05             0             0 
   233   0.000536867     0.0066236             0   -0.00615065             0             0             0   6.39252e-05             0             0 
   234    0.00595972    0.00582822             0   4.80541e-05             0             0             0   8.34427e-05             0             0 
   235     0.0254273      0.025529             0  -0.000155459             0             0             0   5.37507e-05             0             0 
   236    0.00577666    0.00771767             0    -0.0019804             0             0             0   3.93995e-05             0             0 
   243  -6.90229e-05   3.95949e-06             0  -7.28222e-05             0             0             0  -1.60192e-07             0             0 
   244     0.0144803    0.00753369             0    0.00683134             0             0             0   0.000115318             0             0 
   245    0.00252752   0.000895666             0    0.00158958             0             0             0   4.22738e-05             0             0 
   246  -0.000100695   -0.00013944             0    3.4399e-05             0             0             0   4.34539e-06             0             0 
   247  -0.000218086    0.00141786             0   -0.00171496             0             0             0   7.90167e-05             0             0 
   248  -0.000483728   -0.00105704             0   0.000545628             0             0             0   2.76792e-05             0             0 
   249  -0.000209784  -0.000291477             0   8.19549e-05             0             0             0  -2.62241e-07             0             0 
   250   -0.00190016   0.000811981             0   -0.00273926             0             0             0   2.71203e-05             0             0 
   251  -0.000685647   -0.00110221             0   0.000388951             0             0             0   2.76155e-05             0             0 
   252   -0.00215295   -0.00229356             0    0.00013888             0             0             0   1.73908e-06             0             0 
   253   -0.00560985    0.00961706             0    -0.0152354             0             0             0   8.52158e-06             0             0 
   254  -0.000975061    0.00278836             0   -0.00378597             0             0             0   2.25458e-05             0             0 
   255   -0.00199912   -0.00204727             0    6.1478e-05             0             0             0  -1.33226e-05             0             0 
   256   -0.00473282     0.0059601             0    -0.0106723             0             0             0  -2.05874e-05             0             0 
   257  -0.000370147    0.00337951             0    -0.0037479             0             0             0  -1.75725e-06             0             0 
   258    0.00204887    0.00203706             0   1.67619e-05             0             0             0   -4.9468e-06             0             0 
   259     0.0073089    0.00813626             0  -0.000809856             0             0             0  -1.75038e-05             0             0 
   260    0.00142691    0.00226101             0   -0.00082632             0             0             0  -7.78262e-06             0             0 
   315  -0.000150157  -6.88191e-05             0  -8.23247e-05             0             0             0   9.87328e-07             0             0 
   316    0.00538907    0.00190899             0    0.00337757             0             0             0   0.000102506             0             0 
   317     0.0059267    0.00136444             0    0.00453261             0             0             0   2.96527e-05             0             0 
   318  -6.09627e-05  -5.15035e-05             0  -1.41438e-05             0             0             0   4.68456e-06             0             0 
   319  -0.000176796  -0.000919474             0   0.000660725             0             0             0   8.19524e-05             0             0 
   320  -0.000434232   -0.00197108             0    0.00151014             0             0             0   2.67064e-05             0             0 
   321  -0.000217599  -0.000251771             0   1.96261e-05             0             0             0    1.4546e-05             0             0 
   322   -0.00143947   -0.00209167             0   0.000552212             0             0             0   9.99906e-05             0             0 
   323   -0.00140107   -0.00458075             0    0.00309621             0             0             0   8.34702e-05             0             0 
   324   -0.00231485    -0.0024938             0   0.000144206             0             0             0   3.47406e-05             0             0 
   325   -0.00767024    0.00235146             0     -0.010145             0             0             0   0.000123269             0             0 
   326   -0.00575128   -3.3079e-05             0   -0.00584467             0             0             0    0.00012647             0             0 
   327   -0.00206266   -0.00222486             0   0.000155506             0             0             0     6.699e-06             0             0 
   328    -0.0034365    0.00931166             0    -0.0127503             0             0             0   2.16884e-06             0             0 
   329   -0.00203132    0.00917489             0    -0.0112097             0             0             0   3.45347e-06             0             0 
   330    0.00418434    0.00414603             0     8.634e-05             0             0             0  -4.80278e-05             0             0 
   331     0.0216774      0.024216             0   -0.00245057             0             0             0  -8.80271e-05             0             0 
   332     0.0133968     0.0174384             0   -0.00393851             0             0             0  -0.000103078             0             0 
   339   -0.00019935   -0.00010321             0  -9.65151e-05             0             0             0   3.74773e-07             0             0 
   340     0.0104387    0.00459302             0    0.00577591             0             0             0   6.97315e-05             0             0 
   341    0.00616995    0.00122107             0    0.00493509             0             0             0   1.37944e-05             0             0 
   342  -0.000127767  -0.000135849             0   6.31014e-06             0             0             0   1.77198e-06             0             0 
   343  -0.000509428   -0.00120851             0   0.000661314             0             0             0   3.77706e-05             0             0 
   344   -0.00120817   -0.00311556             0    0.00189926             0             0             0   8.12658e-06             0             0 
   345  -0.000182383  -0.000228831             0   4.72731e-05             0             0             0  -8.24839e-07             0             0 
   346   -0.00174582   -0.00256218             0   0.000806536             0             0             0   9.82176e-06             0             0 
   347   -0.00147723   -0.00412418             0    0.00262773             0             0             0   1.92173e-05             0             0 
   348    -0.0012891   -0.00139682             0   0.000120734             0             0             0  -1.30121e-05             0             0 
   349   -0.00437194    0.00332123             0   -0.00765382             0             0             0  -3.93501e-05             0             0 
   350   -0.00242231    0.00143532             0   -0.00384691             0             0             0  -1.07156e-05             0             0 
   351   -0.00117975   -0.00121744             0   7.61247e-05             0             0             0  -3.84328e-05             0             0 
   352   -0.00336293    0.00382572             0   -0.00707837             0             0             0  -0.000110279             0             0 
   353   -0.00144459     0.0038695             0   -0.00524114             0             0             0   -7.2957e-05             0             0 
   354    0.00144066    0.00145484             0   2.37478e-05             0             0             0  -3.79198e-05             0             0 
   355     0.0051137    0.00624169             0   -0.00103458             0             0             0   -9.3413e-05             0             0 
   356    0.00233215    0.00365259             0   -0.00125031             0             0             0  -7.01389e-05             0             0 
   411  -4.74005e-05   4.08842e-05             0  -8.69964e-05             0             0             0  -1.28821e-06             0             0 
   412    0.00332194   0.000767598             0    0.00257755             0             0             0  -2.32029e-05             0             0 
   413    0.00646294    0.00144884             0    0.00506128             0             0             0  -4.71766e-05             0             0 
   414  -6.18641e-06   1.75635e-05             0  -2.23472e-05             0             0             0  -1.40261e-06             0             0 
   415  -0.000498573  -0.000900963             0   0.000449978             0             0             0  -4.75877e-05             0             0 
   416   -0.00039584   -0.00169559             0    0.00137144             0             0             0  -7.16911e-05             0             0 
   417  -9.46533e-05  -7.66128e-05             0  -9.30954e-06             0             0             0   -8.7309e-06             0             0 
   418   -0.00180084   -0.00267979             0   0.000971296             0             0             0  -9.23398e-05             0             0 
   419   -0.00181291   -0.00523781             0    0.00357335             0             0             0  -0.000148443             0             0 
   420  -0.000972188  -0.000990078             0   5.51896e-05             0             0             0  -3.72998e-05             0             0 
   421   -0.00549365   -0.00246344             0   -0.00286981             0             0             0  -0.000160398             0             0 
   422   -0.00635377   -0.00509994             0   -0.00100266             0             0             0  -0.000251171             0             0 
   423  -0.000985055  -0.000933131             0   7.27238e-05             0             0             0  -0.000124648             0             0 
   424   -0.00617298   -0.00115669             0   -0.00472647             0             0             0  -0.000289822             0             0 
   425   -0.00563705  -6.19825e-05             0   -0.00518894             0             0             0  -0.000386127             0             0 
   426    0.00151686    0.00165497             0   4.00141e-05             0             0             0   -0.00017812             0             0 
   427    0.00345549    0.00516551             0   -0.00144254             0             0             0  -0.000267485             0             0 
   428    0.00518811     0.0075274             0   -0.00199442             0             0             0  -0.000344869             0             0 
   435  -3.78083e-05   1.67189e-05             0   -5.3253e-05             0             0             0  -1.27429e-06             0             0 
   436    0.00256463   0.000557144             0    0.00202848             0             0             0  -2.09927e-05             0             0 
   437    0.00381464   0.000476086             0    0.00338231             0             0             0  -4.37552e-05             0             0 
   438  -1.65133e-05  -6.65862e-07             0  -1.46188e-05             0             0             0  -1.22865e-06             0             0 
   439  -0.000461196   -0.00104203             0   0.000605772             0             0             0   -2.4941e-05             0             0 
   440  -0.000793148   -0.00183949             0    0.00108811             0             0             0  -4.17712e-05             0             0 
   441  -6.45756e-05  -5.45367e-05             0  -2.36794e-06             0             0             0  -7.67096e-06             0             0 
   442  -0.000804896   -0.00178347             0    0.00103374             0             0             0  -5.51634e-05             0             0 
   443   -0.00103017   -0.00323993             0    0.00229548             0             0             0  -8.57261e-05             0             0 
   444  -0.000318521  -0.000325838             0   3.23199e-05             0             0             0  -2.50029e-05             0             0 
   445   -0.00153625  -0.000488671             0  -0.000944966             0             0             0  -0.000102609             0             0 
   446    -0.0020089   -0.00163969             0  -0.000234051             0             0             0  -0.000135152             0             0 
   447  -0.000281085  -0.000263674             0   2.53461e-05             0             0             0  -4.27578e-05             0             0 
   448   -0.00154133   0.000101351             0    -0.0015241             0             0             0  -0.000118587             0             0 
   449   -0.00157771   0.000325139             0   -0.00177054             0             0             0  -0.000132308             0             0 
   450    0.00037817   0.000410782             0   8.12452e-06             0             0             0  -4.07374e-05             0             0 
   451   0.000600546    0.00100613             0  -0.000323054             0             0             0  -8.25258e-05             0             0 
   452   0.000570082    0.00113703             0  -0.000478836             0             0             0  -8.81136e-05             0             0 
