#varID         total       dxdbVol      dxdbSurf          dSdb          dndb    dxdbDirect          dVdb      distance       options          dvdb
    27   -3.2945e-05  -2.17859e-05             0  -1.13505e-05             0             0             0   1.91414e-07             0             0 
    28    0.00181835   0.000695573             0    0.00112631             0             0             0  -3.54033e-06             0             0 
    30   4.27335e-06   9.30725e-06             0  -6.19407e-06             0             0             0   1.16017e-06             0             0 
    31   0.000437923  -0.000966571             0    0.00139012             0             0             0   1.43766e-05             0             0 
    33   6.53909e-05   4.34938e-05             0   2.05654e-05             0             0             0   1.33172e-06             0             0 
    34   0.000557577     0.0022292             0   -0.00169767             0             0             0   2.60417e-05             0             0 
    36   0.000804237   0.000743695             0   4.68961e-05             0             0             0   1.36462e-05             0             0 
    37    0.00244967     0.0106137             0    -0.0081995             0             0             0   3.54983e-05             0             0 
    39    0.00102922   0.000987411             0   2.83379e-05             0             0             0   1.34694e-05             0             0 
    40    0.00178535    0.00900418             0   -0.00724049             0             0             0   2.16543e-05             0             0 
    42  -0.000116789  -0.000184464             0   6.22556e-06             0             0             0   6.14501e-05             0             0 
    43  -0.000675631   0.000731731             0   -0.00144105             0             0             0   3.36851e-05             0             0 
    51  -9.08963e-05  -4.62957e-05             0  -4.47323e-05             0             0             0   1.31765e-07             0             0 
    52    0.00656094    0.00238022             0    0.00419225             0             0             0  -1.15346e-05             0             0 
    54  -1.80093e-05   9.98052e-06             0  -2.88103e-05             0             0             0   8.20434e-07             0             0 
    55    0.00127741   -0.00438978             0    0.00565977             0             0             0   7.42172e-06             0             0 
    57   0.000230969   0.000193787             0   4.20207e-05             0             0             0   -4.8389e-06             0             0 
    58    0.00126944    0.00346227             0   -0.00219672             0             0             0    3.8898e-06             0             0 
    60    0.00106445    0.00098918             0   7.35081e-05             0             0             0   1.76326e-06             0             0 
    61    0.00344493      0.013508             0    -0.0100654             0             0             0   2.35797e-06             0             0 
    63    0.00103329    0.00100467             0   2.75572e-05             0             0             0   1.06266e-06             0             0 
    64    0.00192141    0.00826756             0   -0.00635182             0             0             0   5.66519e-06             0             0 
    66   0.000109519   9.62694e-05             0   3.58841e-06             0             0             0    9.6614e-06             0             0 
    67  -0.000342577   0.000809526             0   -0.00117195             0             0             0    1.9844e-05             0             0 
   123  -0.000162761  -0.000136666             0  -2.60225e-05             0             0             0  -7.27347e-08             0             0 
   124    0.00372544    0.00124458             0    0.00247798             0             0             0   2.87363e-06             0             0 
   125   0.000208051   5.10335e-05             0   0.000156824             0             0             0   1.93804e-07             0             0 
   126  -5.47363e-06   7.31339e-06             0  -1.58823e-05             0             0             0    3.0953e-06             0             0 
   127   0.000963347   -0.00251769             0    0.00341023             0             0             0   7.08081e-05             0             0 
   128  -0.000133212  -0.000202133             0   6.34504e-05             0             0             0   5.47032e-06             0             0 
   129   0.000153803   7.89652e-05             0   4.27474e-05             0             0             0   3.20899e-05             0             0 
   130    0.00144172    0.00436187             0   -0.00310035             0             0             0   0.000180199             0             0 
   131   -0.00116819   3.87766e-05             0   -0.00121935             0             0             0   1.23879e-05             0             0 
   132    0.00150912    0.00124413             0   9.82813e-05             0             0             0   0.000166703             0             0 
   133     0.0070603     0.0229783             0    -0.0163155             0             0             0   0.000397501             0             0 
   134    -0.0015736    0.00169746             0   -0.00329768             0             0             0   2.66188e-05             0             0 
   135   0.000236074   7.78627e-05             0    5.6715e-05             0             0             0   0.000101496             0             0 
   136    0.00253963     0.0167401             0     -0.014384             0             0             0   0.000183613             0             0 
   137  -0.000261591    0.00187151             0   -0.00214584             0             0             0   1.27328e-05             0             0 
   138   -0.00184618   -0.00192366             0   9.60576e-06             0             0             0    6.7874e-05             0             0 
   139   -0.00391342   -0.00107472             0   -0.00285802             0             0             0   1.93183e-05             0             0 
   140   0.000152708   0.000532208             0  -0.000383041             0             0             0   3.54119e-06             0             0 
   147  -0.000498592  -0.000398676             0  -9.92253e-05             0             0             0  -6.91004e-07             0             0 
   148     0.0128482     0.0039416             0    0.00891599             0             0             0  -9.39166e-06             0             0 
   149   0.000692571   0.000146284             0   0.000546397             0             0             0   -1.1022e-07             0             0 
   150  -5.09877e-05   1.76474e-05             0  -7.02929e-05             0             0             0    1.6578e-06             0             0 
   151    0.00264224    -0.0106449             0       0.01323             0             0             0   5.72188e-05             0             0 
   152  -0.000275049  -0.000679031             0   0.000398668             0             0             0   5.31357e-06             0             0 
   153   0.000566064   0.000476296             0   8.44366e-05             0             0             0   5.33141e-06             0             0 
   154    0.00308929    0.00646138             0   -0.00344147             0             0             0   6.93824e-05             0             0 
   155   -0.00240527   9.34165e-05             0   -0.00250437             0             0             0   5.68502e-06             0             0 
   156    0.00202913    0.00189333             0   0.000145916             0             0             0  -1.01075e-05             0             0 
   157    0.00882712     0.0280047             0    -0.0191486             0             0             0  -2.89155e-05             0             0 
   158   -0.00254527    0.00190476             0   -0.00444773             0             0             0  -2.30721e-06             0             0 
   159   0.000580195   0.000649039             0   5.63431e-05             0             0             0  -0.000125188             0             0 
   160    0.00252222     0.0150961             0    -0.0123442             0             0             0  -0.000229736             0             0 
   161  -0.000471142    0.00154391             0   -0.00199779             0             0             0  -1.72664e-05             0             0 
   162   -0.00085395  -0.000812945             0   5.27849e-06             0             0             0  -4.62835e-05             0             0 
   163   -0.00223216  -1.38568e-05             0   -0.00215281             0             0             0  -6.54981e-05             0             0 
   164  -0.000326489  -7.25514e-05             0   -0.00025006             0             0             0  -3.87764e-06             0             0 
   219  -0.000439302  -0.000390093             0  -4.92818e-05             0             0             0   7.28645e-08             0             0 
   220    0.00437166   0.000883852             0    0.00338666             0             0             0   0.000101152             0             0 
   221   0.000411656  -0.000873574             0    0.00122799             0             0             0   5.72388e-05             0             0 
   222  -8.76632e-06   2.79783e-05             0   -3.5145e-05             0             0             0  -1.59959e-06             0             0 
   223   0.000767376   -0.00475467             0    0.00530296             0             0             0   0.000219085             0             0 
   224  -0.000391297   -0.00267699             0    0.00221088             0             0             0   7.48196e-05             0             0 
   225   0.000380268    0.00028286             0    3.9479e-05             0             0             0   5.79289e-05             0             0 
   226    0.00123505    0.00208394             0   -0.00121825             0             0             0   0.000369359             0             0 
   227  -0.000187256   -0.00115227             0   0.000871224             0             0             0   9.37933e-05             0             0 
   228    0.00181681    0.00148082             0   0.000146544             0             0             0    0.00018944             0             0 
   229      0.006814     0.0232212             0    -0.0169146             0             0             0   0.000507379             0             0 
   230    0.00103284    0.00628139             0    -0.0053519             0             0             0   0.000103347             0             0 
   231   0.000292409   0.000108686             0   0.000116938             0             0             0    6.6786e-05             0             0 
   232    0.00317491     0.0222352             0     -0.019189             0             0             0   0.000128678             0             0 
   233   0.000951062    0.00856273             0   -0.00765127             0             0             0   3.95954e-05             0             0 
   234   -0.00166109   -0.00169486             0   3.00762e-05             0             0             0   3.69551e-06             0             0 
   235   -0.00191214    0.00151748             0   -0.00340436             0             0             0  -2.52617e-05             0             0 
   236   4.13741e-05    0.00188428             0   -0.00184107             0             0             0  -1.83237e-06             0             0 
   243   -0.00120986   -0.00107729             0  -0.000131609             0             0             0  -9.64941e-07             0             0 
   244       0.01369    0.00349936             0      0.010093             0             0             0   9.76742e-05             0             0 
   245    0.00083286   -0.00147578             0    0.00222195             0             0             0   8.66933e-05             0             0 
   246  -1.19479e-05   9.22674e-05             0  -9.76336e-05             0             0             0  -6.58172e-06             0             0 
   247    0.00177981    -0.0144924             0     0.0160926             0             0             0   0.000179607             0             0 
   248    -0.0014613   -0.00529828             0    0.00374882             0             0             0    8.8153e-05             0             0 
   249    0.00101657   0.000938176             0   7.30721e-05             0             0             0     5.322e-06             0             0 
   250     0.0017597     0.0017633             0  -0.000122871             0             0             0   0.000119268             0             0 
   251   -0.00114869   -0.00230952             0    0.00110205             0             0             0   5.87867e-05             0             0 
   252    0.00234115    0.00223833             0   0.000159278             0             0             0  -5.64499e-05             0             0 
   253     0.0071093     0.0236827             0    -0.0164326             0             0             0   -0.00014075             0             0 
   254    0.00113557    0.00557821             0   -0.00445335             0             0             0   1.07153e-05             0             0 
   255   0.000294093   0.000397194             0   8.59855e-05             0             0             0  -0.000189086             0             0 
   256    0.00159618     0.0156791             0    -0.0137187             0             0             0  -0.000364215             0             0 
   257   0.000849172    0.00560997             0    -0.0047332             0             0             0  -2.76015e-05             0             0 
   258  -0.000873419  -0.000813749             0   1.16981e-05             0             0             0  -7.13678e-05             0             0 
   259   -0.00167391   0.000722674             0   -0.00228641             0             0             0  -0.000110176             0             0 
   260  -0.000170521   0.000611593             0  -0.000768963             0             0             0  -1.31515e-05             0             0 
   315  -0.000749089  -0.000630821             0  -0.000118958             0             0             0   6.89772e-07             0             0 
   316    0.00307002   -0.00150448             0    0.00446683             0             0             0   0.000107679             0             0 
   317     0.0013701   -0.00387902             0    0.00520386             0             0             0   4.52529e-05             0             0 
   318  -3.40917e-05   6.57222e-05             0  -9.47858e-05             0             0             0  -5.02806e-06             0             0 
   319   0.000315343   -0.00784101             0    0.00798841             0             0             0    0.00016795             0             0 
   320  -0.000257608    -0.0100147             0    0.00968281             0             0             0   7.42654e-05             0             0 
   321   0.000206878    0.00017542             0   6.29981e-06             0             0             0   2.51582e-05             0             0 
   322   0.000627969   -0.00309576             0    0.00350465             0             0             0   0.000219082             0             0 
   323   0.000854818   -0.00610447             0    0.00684034             0             0             0   0.000118946             0             0 
   324    0.00142422    0.00114928             0   0.000207258             0             0             0   6.76843e-05             0             0 
   325    0.00325241      0.013569             0    -0.0105329             0             0             0   0.000216376             0             0 
   326    0.00141721    0.00579497             0   -0.00451179             0             0             0   0.000134032             0             0 
   327    0.00225825    0.00208701             0   0.000217368             0             0             0   -4.6126e-05             0             0 
   328    0.00482632     0.0241152             0    -0.0192413             0             0             0  -4.76015e-05             0             0 
   329    0.00202355     0.0184338             0    -0.0163742             0             0             0  -3.60934e-05             0             0 
   330    0.00187895    0.00197864             0   6.17415e-05             0             0             0  -0.000161435             0             0 
   331    0.00584068     0.0104216             0   -0.00439737             0             0             0  -0.000183595             0             0 
   332    0.00361427    0.00912459             0    -0.0053689             0             0             0  -0.000141417             0             0 
   339   -0.00124278   -0.00108322             0  -0.000157885             0             0             0  -1.68198e-06             0             0 
   340    0.00750534  -0.000601485             0    0.00805651             0             0             0   5.03147e-05             0             0 
   341   0.000314887   -0.00542119             0     0.0057238             0             0             0   1.22749e-05             0             0 
   342   0.000116806   0.000259276             0  -0.000138237             0             0             0  -4.23265e-06             0             0 
   343  -2.42786e-05    -0.0139445             0     0.0138549             0             0             0    6.5324e-05             0             0 
   344   -0.00265155    -0.0132461             0     0.0105635             0             0             0   3.10411e-05             0             0 
   345   0.000468913   0.000454184             0   1.92183e-05             0             0             0  -4.48898e-06             0             0 
   346  -0.000183114   -0.00480059             0    0.00460336             0             0             0   1.41209e-05             0             0 
   347  -0.000486017   -0.00620667             0    0.00568666             0             0             0   3.39968e-05             0             0 
   348     0.0013855    0.00126601             0   0.000156985             0             0             0  -3.75014e-05             0             0 
   349    0.00282701     0.0100295             0   -0.00710346             0             0             0  -9.89942e-05             0             0 
   350    0.00131795    0.00437132             0   -0.00304842             0             0             0  -4.94097e-06             0             0 
   351   0.000933504   0.000913186             0   0.000113646             0             0             0  -9.33285e-05             0             0 
   352    0.00177577     0.0119777             0    -0.0100236             0             0             0  -0.000178325             0             0 
   353   0.000554731    0.00804735             0   -0.00743283             0             0             0   -5.9793e-05             0             0 
   354     0.0003468    0.00039439             0   1.86872e-05             0             0             0  -6.62769e-05             0             0 
   355   0.000923016    0.00294357             0    -0.0019238             0             0             0  -9.67524e-05             0             0 
   356   0.000408682    0.00221368             0   -0.00175262             0             0             0  -5.23843e-05             0             0 
   411  -0.000412068  -0.000294195             0  -0.000114097             0             0             0  -3.77604e-06             0             0 
   412     0.0013633   -0.00169285             0    0.00311365             0             0             0  -5.75033e-05             0             0 
   413    0.00248536   -0.00285906             0    0.00544038             0             0             0  -9.59644e-05             0             0 
   414  -8.44926e-05   -1.0269e-05             0  -7.73412e-05             0             0             0   3.11759e-06             0             0 
   415  -4.92535e-05   -0.00549208             0    0.00551286             0             0             0  -7.00379e-05             0             0 
   416   0.000324962    -0.0090547             0    0.00949148             0             0             0  -0.000111816             0             0 
   417  -0.000103589   -8.3646e-05             0  -1.79203e-05             0             0             0  -2.02314e-06             0             0 
   418  -0.000537762   -0.00371177             0    0.00326005             0             0             0   -8.6051e-05             0             0 
   419   0.000168732   -0.00708976             0      0.007407             0             0             0  -0.000148504             0             0 
   420   4.44108e-05  -2.20878e-06             0    8.2766e-05             0             0             0  -3.61464e-05             0             0 
   421   -0.00127445   0.000898118             0   -0.00205957             0             0             0  -0.000113002             0             0 
   422  -0.000608446    -0.0026171             0    0.00219414             0             0             0  -0.000185492             0             0 
   423    0.00125135    0.00130332             0    0.00011311             0             0             0   -0.00016508             0             0 
   424   0.000425759    0.00811225             0   -0.00741408             0             0             0  -0.000272412             0             0 
   425   0.000314538    0.00824779             0   -0.00765057             0             0             0  -0.000282679             0             0 
   426    0.00215294    0.00235269             0   3.39515e-05             0             0             0  -0.000233696             0             0 
   427    0.00323465    0.00580346             0    -0.0022642             0             0             0  -0.000304618             0             0 
   428    0.00249406    0.00570692             0   -0.00295695             0             0             0  -0.000255901             0             0 
   435  -0.000398468  -0.000315741             0  -7.68324e-05             0             0             0  -5.89447e-06             0             0 
   436   0.000289172   -0.00206601             0    0.00243042             0             0             0  -7.52412e-05             0             0 
   437  -7.92715e-05    -0.0035096             0    0.00355671             0             0             0  -0.000126382             0             0 
   438   7.05244e-05   0.000128378             0  -6.51638e-05             0             0             0   7.30984e-06             0             0 
   439  -0.000588983   -0.00507595             0    0.00456377             0             0             0  -7.67986e-05             0             0 
   440  -0.000998738    -0.0076126             0    0.00672786             0             0             0  -0.000113991             0             0 
   441  -1.22711e-05   6.85328e-07             0  -1.09341e-05             0             0             0  -2.02231e-06             0             0 
   442  -0.000313412   -0.00286795             0    0.00263122             0             0             0  -7.66814e-05             0             0 
   443   6.50454e-05   -0.00426273             0    0.00443999             0             0             0  -0.000112206             0             0 
   444   8.85287e-05   6.88823e-05             0   4.48764e-05             0             0             0    -2.523e-05             0             0 
   445   6.22288e-06   0.000241017             0  -0.000148333             0             0             0  -8.64619e-05             0             0 
   446   0.000170365  -0.000899268             0    0.00117832             0             0             0  -0.000108683             0             0 
   447   0.000290942   0.000305174             0   4.11937e-05             0             0             0  -5.54256e-05             0             0 
   448   0.000276802    0.00261066             0   -0.00223007             0             0             0  -0.000103788             0             0 
   449   7.92491e-05    0.00274605             0   -0.00257132             0             0             0  -9.54776e-05             0             0 
   450   0.000354524   0.000400445             0   7.38068e-06             0             0             0  -5.33017e-05             0             0 
   451   0.000551384    0.00117935             0  -0.000548737             0             0             0  -7.92247e-05             0             0 
   452   0.000276355    0.00110847             0  -0.000772942             0             0             0  -5.91698e-05             0             0 
