#varID         total       dxdbVol      dxdbSurf          dSdb          dndb    dxdbDirect          dVdb      distance       options          dvdb
    27    1.1501e-05   1.93603e-05             0  -7.55185e-06             0             0             0  -3.07375e-07             0             0 
    28    0.00174425   0.000844687             0   0.000873058             0             0             0   2.65033e-05             0             0 
    30   4.84203e-06   1.48971e-06             0   1.41763e-06             0             0             0   1.93469e-06             0             0 
    31    4.5784e-06   0.000197679             0  -0.000221453             0             0             0   2.83525e-05             0             0 
    33  -0.000159454   -0.00017727             0   1.41613e-05             0             0             0   3.65493e-06             0             0 
    34  -0.000676315   0.000593992             0   -0.00130626             0             0             0   3.59486e-05             0             0 
    36   -0.00140098   -0.00144444             0   4.09966e-05             0             0             0   2.46125e-06             0             0 
    37   -0.00315607    0.00447646             0   -0.00766251             0             0             0   2.99758e-05             0             0 
    39  -0.000462229  -0.000422221             0   2.17263e-05             0             0             0  -6.17339e-05             0             0 
    40  -0.000720629    0.00551729             0   -0.00621766             0             0             0   -2.0257e-05             0             0 
    42    0.00409892    0.00410407             0   9.45816e-06             0             0             0  -1.46096e-05             0             0 
    43     0.0144827     0.0142775             0   0.000207719             0             0             0  -2.49429e-06             0             0 
    51   3.90282e-05   6.70137e-05             0  -2.75235e-05             0             0             0  -4.61935e-07             0             0 
    52    0.00625348    0.00311326             0    0.00310758             0             0             0   3.26453e-05             0             0 
    54  -5.44759e-06  -1.21232e-05             0   5.26393e-06             0             0             0   1.41163e-06             0             0 
    55  -0.000292727   0.000580563             0  -0.000900351             0             0             0    2.7061e-05             0             0 
    57  -0.000127944  -0.000150298             0   2.73306e-05             0             0             0  -4.97739e-06             0             0 
    58   -0.00150985   0.000352329             0   -0.00186661             0             0             0   4.43164e-06             0             0 
    60   -0.00106167   -0.00112262             0   6.44928e-05             0             0             0  -3.54837e-06             0             0 
    61   -0.00245195    0.00664821             0   -0.00909374             0             0             0  -6.41742e-06             0             0 
    63  -0.000855631   -0.00085691             0   2.23097e-05             0             0             0  -2.10302e-05             0             0 
    64   -0.00226001    0.00356529             0   -0.00582335             0             0             0  -1.95964e-06             0             0 
    66    0.00168054    0.00169853             0    3.6467e-06             0             0             0  -2.16318e-05             0             0 
    67    0.00457587    0.00505829             0  -0.000485583             0             0             0   3.16458e-06             0             0 
   123   2.09361e-05   3.74276e-05             0  -1.58718e-05             0             0             0  -6.19674e-07             0             0 
   124    0.00371185    0.00181498             0    0.00183127             0             0             0   6.55934e-05             0             0 
   125   0.000140069   8.23571e-05             0   5.38727e-05             0             0             0   3.83913e-06             0             0 
   126   8.51223e-06  -9.13551e-07             0   4.78484e-06             0             0             0   4.64094e-06             0             0 
   127    7.3115e-05   0.000420334             0   -0.00041646             0             0             0    6.9241e-05             0             0 
   128  -0.000276235  -3.14977e-05             0   -0.00024898             0             0             0   4.24295e-06             0             0 
   129   -0.00027865  -0.000322338             0   3.28416e-05             0             0             0   1.08467e-05             0             0 
   130  -0.000953487    0.00149208             0   -0.00253154             0             0             0   8.59652e-05             0             0 
   131   -0.00108612   -7.8698e-05             0    -0.0010123             0             0             0   4.88009e-06             0             0 
   132   -0.00276956   -0.00286823             0   8.78794e-05             0             0             0   1.07941e-05             0             0 
   133   -0.00579303    0.00936894             0    -0.0152355             0             0             0   7.35054e-05             0             0 
   134   -0.00177612    0.00100403             0   -0.00278341             0             0             0   3.25846e-06             0             0 
   135   -0.00145528    -0.0014242             0   4.64255e-05             0             0             0  -7.75053e-05             0             0 
   136   -0.00179717     0.0108905             0     -0.012667             0             0             0  -2.05982e-05             0             0 
   137   0.000389026     0.0023106             0   -0.00191514             0             0             0  -6.43105e-06             0             0 
   138    0.00641182    0.00634294             0   1.80154e-05             0             0             0   5.08656e-05             0             0 
   139     0.0231377     0.0224966             0   0.000612622             0             0             0   2.85589e-05             0             0 
   140    0.00261137    0.00312991             0  -0.000522823             0             0             0   4.27549e-06             0             0 
   147   6.91095e-05   0.000125186             0  -5.52274e-05             0             0             0  -8.49449e-07             0             0 
   148     0.0129007    0.00651468             0    0.00631041             0             0             0   7.56069e-05             0             0 
   149   0.000453145   0.000283589             0   0.000164828             0             0             0   4.72919e-06             0             0 
   150  -1.64738e-05  -3.61182e-05             0   1.62747e-05             0             0             0   3.36977e-06             0             0 
   151  -0.000406824    0.00117333             0   -0.00164331             0             0             0   6.31531e-05             0             0 
   152  -0.000885393  -3.71821e-05             0  -0.000852297             0             0             0   4.08614e-06             0             0 
   153  -0.000154575  -0.000211621             0   6.30856e-05             0             0             0  -6.03961e-06             0             0 
   154   -0.00210886    0.00131149             0   -0.00343405             0             0             0   1.37035e-05             0             0 
   155   -0.00227502   -9.4498e-05             0   -0.00218107             0             0             0   5.45256e-07             0             0 
   156   -0.00201502   -0.00214446             0   0.000132732             0             0             0  -3.28674e-06             0             0 
   157   -0.00402806     0.0132781             0       -0.0173             0             0             0  -6.16061e-06             0             0 
   158   -0.00248208    0.00121547             0   -0.00369658             0             0             0  -9.68732e-07             0             0 
   159   -0.00196873   -0.00199312             0   4.63205e-05             0             0             0  -2.19282e-05             0             0 
   160   -0.00447065    0.00693607             0    -0.0114109             0             0             0   4.17488e-06             0             0 
   161  -0.000162822    0.00155478             0   -0.00171568             0             0             0  -1.92413e-06             0             0 
   162    0.00233943    0.00233997             0   7.28819e-06             0             0             0  -7.83111e-06             0             0 
   163    0.00719823    0.00798833             0  -0.000810926             0             0             0   2.08328e-05             0             0 
   164   0.000812564     0.0010268             0  -0.000213371             0             0             0  -8.65563e-07             0             0 
   219  -3.57168e-05  -4.45302e-06             0  -3.14925e-05             0             0             0   2.28803e-07             0             0 
   220    0.00477178     0.0022303             0    0.00242264             0             0             0   0.000118833             0             0 
   221    0.00136836   0.000367118             0   0.000967408             0             0             0   3.38324e-05             0             0 
   222  -1.97265e-05  -3.27303e-05             0   6.03991e-06             0             0             0    6.9639e-06             0             0 
   223   0.000132288   1.02706e-05             0   1.01669e-05             0             0             0   0.000111851             0             0 
   224  -0.000154196  -0.000659325             0    0.00047281             0             0             0   3.23192e-05             0             0 
   225  -0.000198409  -0.000259095             0   4.01423e-05             0             0             0   2.05437e-05             0             0 
   226  -0.000719778   0.000743802             0   -0.00159726             0             0             0   0.000133684             0             0 
   227  -0.000352022  -0.000841673             0   0.000430101             0             0             0   5.95497e-05             0             0 
   228   -0.00266126   -0.00282258             0   0.000121186             0             0             0   4.01287e-05             0             0 
   229   -0.00605555    0.00909809             0    -0.0153039             0             0             0   0.000150283             0             0 
   230   -0.00125083    0.00324999             0   -0.00458884             0             0             0   8.80174e-05             0             0 
   231   -0.00168486   -0.00179098             0   9.51091e-05             0             0             0   1.10052e-05             0             0 
   232  -0.000773913     0.0144313             0    -0.0152672             0             0             0   6.19776e-05             0             0 
   233   0.000733356    0.00725111             0   -0.00657877             0             0             0   6.10106e-05             0             0 
   234     0.0054286     0.0052959             0   4.53542e-05             0             0             0   8.73448e-05             0             0 
   235     0.0220779     0.0226046             0  -0.000579877             0             0             0   5.32409e-05             0             0 
   236     0.0051391    0.00724312             0   -0.00213904             0             0             0   3.50139e-05             0             0 
   243    -5.239e-05   2.35984e-05             0   -7.6066e-05             0             0             0   7.75831e-08             0             0 
   244     0.0143508    0.00728581             0     0.0069476             0             0             0   0.000117409             0             0 
   245    0.00247392   0.000807162             0    0.00162162             0             0             0   4.51299e-05             0             0 
   246  -7.90526e-05  -0.000110082             0   2.66185e-05             0             0             0   4.41085e-06             0             0 
   247   -0.00015638    0.00038824             0  -0.000630741             0             0             0   8.61216e-05             0             0 
   248  -0.000523011   -0.00130365             0   0.000749001             0             0             0   3.16359e-05             0             0 
   249  -4.02797e-05  -0.000118083             0   7.74755e-05             0             0             0    3.2769e-07             0             0 
   250   -0.00146726   0.000217177             0    -0.0017172             0             0             0   3.27652e-05             0             0 
   251  -0.000644108   -0.00130479             0   0.000629971             0             0             0   3.07115e-05             0             0 
   252   -0.00180759    -0.0019493             0   0.000142568             0             0             0  -8.58296e-07             0             0 
   253   -0.00430873     0.0106465             0    -0.0149574             0             0             0   2.20881e-06             0             0 
   254   -0.00073777    0.00291493             0   -0.00367565             0             0             0   2.29467e-05             0             0 
   255   -0.00189431   -0.00194552             0    6.6849e-05             0             0             0  -1.56403e-05             0             0 
   256   -0.00410362    0.00741958             0    -0.0114953             0             0             0  -2.78876e-05             0             0 
   257  -0.000203049     0.0037766             0   -0.00397755             0             0             0  -2.10282e-06             0             0 
   258    0.00177925    0.00176428             0   1.62072e-05             0             0             0  -1.23604e-06             0             0 
   259    0.00632333    0.00740579             0   -0.00107006             0             0             0   -1.2406e-05             0             0 
   260    0.00127076    0.00217653             0  -0.000899148             0             0             0  -6.62344e-06             0             0 
   315  -0.000143464  -5.97296e-05             0  -8.47776e-05             0             0             0   1.04316e-06             0             0 
   316    0.00530145     0.0017742             0     0.0034233             0             0             0   0.000103954             0             0 
   317    0.00572856    0.00114182             0    0.00455578             0             0             0   3.09612e-05             0             0 
   318  -4.81238e-05  -3.31114e-05             0    -1.963e-05             0             0             0    4.6176e-06             0             0 
   319  -0.000139938   -0.00136098             0    0.00113456             0             0             0   8.64769e-05             0             0 
   320  -0.000438535   -0.00252546             0    0.00205693             0             0             0    2.9998e-05             0             0 
   321  -0.000141426  -0.000172415             0   1.53979e-05             0             0             0   1.55908e-05             0             0 
   322   -0.00116846   -0.00240026             0    0.00112306             0             0             0   0.000108742             0             0 
   323   -0.00122661   -0.00499313             0    0.00367797             0             0             0   8.85515e-05             0             0 
   324   -0.00194502    -0.0021321             0   0.000149488             0             0             0   3.75897e-05             0             0 
   325    -0.0062464    0.00361579             0   -0.00999632             0             0             0   0.000134121             0             0 
   326   -0.00490047   0.000369759             0   -0.00540237             0             0             0   0.000132147             0             0 
   327   -0.00157873    -0.0017483             0   0.000164998             0             0             0   4.56924e-06             0             0 
   328   -0.00168528     0.0121345             0    -0.0138224             0             0             0   2.59641e-06             0             0 
   329   -0.00118009     0.0107257             0    -0.0119073             0             0             0   1.49008e-06             0             0 
   330    0.00402898     0.0039944             0    8.4596e-05             0             0             0  -5.00155e-05             0             0 
   331     0.0197794     0.0227005             0   -0.00283377             0             0             0  -8.73255e-05             0             0 
   332     0.0121477      0.016505             0    -0.0042544             0             0             0  -0.000102857             0             0 
   339  -0.000189924  -9.01025e-05             0  -0.000100257             0             0             0    4.3541e-07             0             0 
   340     0.0103021    0.00436834             0    0.00586325             0             0             0   7.05109e-05             0             0 
   341    0.00595321   0.000957147             0    0.00498144             0             0             0   1.46284e-05             0             0 
   342  -0.000106619  -0.000105433             0  -2.89206e-06             0             0             0   1.70589e-06             0             0 
   343  -0.000473605   -0.00199925             0    0.00148596             0             0             0   3.96798e-05             0             0 
   344   -0.00127475   -0.00376223             0    0.00247758             0             0             0   9.90445e-06             0             0 
   345  -7.11627e-05  -0.000111319             0     4.129e-05             0             0             0  -1.13389e-06             0             0 
   346   -0.00144184    -0.0030109             0    0.00155953             0             0             0   9.53463e-06             0             0 
   347   -0.00135379   -0.00451223             0    0.00313799             0             0             0   2.04534e-05             0             0 
   348   -0.00100616   -0.00111362             0   0.000122868             0             0             0  -1.54049e-05             0             0 
   349   -0.00339534    0.00389836             0   -0.00724869             0             0             0  -4.50153e-05             0             0 
   350   -0.00195324    0.00149895             0   -0.00344127             0             0             0  -1.09238e-05             0             0 
   351  -0.000973451    -0.0010143             0   8.16287e-05             0             0             0  -4.07828e-05             0             0 
   352   -0.00246962    0.00521036             0     -0.007569             0             0             0  -0.000110983             0             0 
   353    -0.0010453    0.00452902             0   -0.00550398             0             0             0  -7.03413e-05             0             0 
   354    0.00132778    0.00134043             0   2.36073e-05             0             0             0  -3.62595e-05             0             0 
   355     0.0047041    0.00600688             0    -0.0012167             0             0             0  -8.60809e-05             0             0 
   356    0.00209897    0.00352943             0   -0.00136606             0             0             0  -6.44051e-05             0             0 
   411  -4.06034e-05   4.95708e-05             0  -8.89247e-05             0             0             0   -1.2495e-06             0             0 
   412    0.00324977   0.000674617             0    0.00259993             0             0             0  -2.47781e-05             0             0 
   413    0.00625779    0.00125927             0     0.0050485             0             0             0  -4.99813e-05             0             0 
   414       9.7e-07   2.85378e-05             0  -2.62673e-05             0             0             0  -1.30048e-06             0             0 
   415  -0.000462417   -0.00118934             0   0.000778224             0             0             0  -5.12988e-05             0             0 
   416  -0.000379564   -0.00221464             0    0.00191283             0             0             0  -7.77536e-05             0             0 
   417  -7.75829e-05  -5.71666e-05             0  -1.18243e-05             0             0             0  -8.59204e-06             0             0 
   418   -0.00167766   -0.00285446             0    0.00127355             0             0             0  -9.67512e-05             0             0 
   419   -0.00170397   -0.00561438             0    0.00406752             0             0             0  -0.000157099             0             0 
   420  -0.000868642  -0.000886837             0   5.63914e-05             0             0             0   -3.8196e-05             0             0 
   421   -0.00494849   -0.00210159             0   -0.00268689             0             0             0  -0.000160015             0             0 
   422   -0.00583175   -0.00505899             0  -0.000516294             0             0             0  -0.000256466             0             0 
   423  -0.000807611  -0.000759361             0    7.7311e-05             0             0             0   -0.00012556             0             0 
   424   -0.00512424   0.000220227             0   -0.00506269             0             0             0  -0.000281777             0             0 
   425   -0.00487833   0.000962276             0   -0.00546176             0             0             0  -0.000378846             0             0 
   426    0.00154242    0.00167743             0   3.99905e-05             0             0             0  -0.000174998             0             0 
   427    0.00351882     0.0053619             0   -0.00158602             0             0             0  -0.000257058             0             0 
   428    0.00491338    0.00739258             0   -0.00214943             0             0             0  -0.000329769             0             0 
   435  -3.15694e-05    2.4625e-05             0  -5.48709e-05             0             0             0  -1.32356e-06             0             0 
   436     0.0024825   0.000462838             0     0.0020429             0             0             0  -2.32348e-05             0             0 
   437    0.00364443   0.000312138             0    0.00337974             0             0             0  -4.74451e-05             0             0 
   438  -6.08673e-06   1.31415e-05             0  -1.80979e-05             0             0             0  -1.13035e-06             0             0 
   439  -0.000467906   -0.00129923             0   0.000859716             0             0             0  -2.83892e-05             0             0 
   440   -0.00082311   -0.00223514             0    0.00145926             0             0             0  -4.72333e-05             0             0 
   441  -4.55473e-05  -3.34917e-05             0  -4.40092e-06             0             0             0  -7.65474e-06             0             0 
   442  -0.000746922   -0.00193251             0    0.00124448             0             0             0   -5.8892e-05             0             0 
   443  -0.000976239   -0.00346028             0    0.00257544             0             0             0  -9.13994e-05             0             0 
   444  -0.000262035  -0.000268566             0   3.24301e-05             0             0             0  -2.58982e-05             0             0 
   445   -0.00130665  -0.000420496             0  -0.000781553             0             0             0  -0.000104605             0             0 
   446   -0.00180175   -0.00170335             0   3.94777e-05             0             0             0  -0.000137881             0             0 
   447  -0.000220524  -0.000204261             0   2.70761e-05             0             0             0  -4.33392e-05             0             0 
   448   -0.00120076   0.000524646             0   -0.00161022             0             0             0  -0.000115183             0             0 
   449   -0.00133173   0.000629552             0   -0.00183277             0             0             0  -0.000128517             0             0 
   450   0.000368861   0.000400093             0   8.22881e-06             0             0             0  -3.94606e-05             0             0 
   451   0.000652746    0.00109738             0  -0.000367397             0             0             0  -7.72399e-05             0             0 
   452   0.000556071    0.00115977             0  -0.000521884             0             0             0  -8.18119e-05             0             0 
