#varID         total       dxdbVol      dxdbSurf          dSdb          dndb    dxdbDirect          dVdb      distance       options          dvdb
    27  -4.02082e-07   8.52208e-06             0  -8.80661e-06             0             0             0  -1.17556e-07             0             0 
    28    0.00181168   0.000881741             0   0.000918933             0             0             0   1.10031e-05             0             0 
    30    1.1691e-05   1.24749e-05             0  -1.72912e-06             0             0             0   9.45286e-07             0             0 
    31   0.000294338  -0.000141386             0   0.000419298             0             0             0   1.64272e-05             0             0 
    33   4.12277e-05   2.54849e-05             0   1.33302e-05             0             0             0   2.41262e-06             0             0 
    34   0.000602168    0.00120962             0  -0.000634203             0             0             0   2.67555e-05             0             0 
    36   0.000249163   0.000185175             0   4.85652e-05             0             0             0   1.54226e-05             0             0 
    37    0.00143334    0.00964283             0   -0.00825352             0             0             0   4.40286e-05             0             0 
    39   0.000188051   0.000153034             0   2.83429e-05             0             0             0   6.67349e-06             0             0 
    40    0.00052381    0.00833868             0   -0.00783107             0             0             0   1.62051e-05             0             0 
    42   -0.00010579  -0.000134967             0   5.08035e-06             0             0             0   2.40975e-05             0             0 
    43   0.000210984    0.00109653             0  -0.000897326             0             0             0    1.1779e-05             0             0 
    51  -1.92093e-06   3.14305e-05             0  -3.31757e-05             0             0             0  -1.75717e-07             0             0 
    52    0.00662181    0.00329367             0    0.00331675             0             0             0   1.13921e-05             0             0 
    54   3.73147e-06   1.08694e-05             0  -7.66638e-06             0             0             0   5.28496e-07             0             0 
    55   0.000741651  -0.000841584             0    0.00157016             0             0             0   1.30701e-05             0             0 
    57   0.000189287   0.000169685             0   2.40704e-05             0             0             0  -4.46843e-06             0             0 
    58     0.0012233    0.00125929             0    -3.646e-05             0             0             0   4.70997e-07             0             0 
    60   0.000563193   0.000492316             0   7.22695e-05             0             0             0  -1.39236e-06             0             0 
    61    0.00283641     0.0118332             0   -0.00899116             0             0             0   -5.6601e-06             0             0 
    63   0.000312441   0.000287717             0   2.94469e-05             0             0             0  -4.72346e-06             0             0 
    64    0.00064922    0.00772609             0   -0.00706854             0             0             0  -8.33045e-06             0             0 
    66  -1.58857e-05  -2.13715e-05             0    2.9433e-06             0             0             0   2.54247e-06             0             0 
    67  -0.000180927   0.000789092             0  -0.000976217             0             0             0   6.19841e-06             0             0 
   123  -5.73531e-06   1.35889e-05             0  -1.92259e-05             0             0             0  -9.83644e-08             0             0 
   124    0.00379448    0.00178489             0    0.00197208             0             0             0   3.75086e-05             0             0 
   125   0.000175184   9.27517e-05             0   7.92583e-05             0             0             0   3.17372e-06             0             0 
   126   2.10801e-05   2.08725e-05             0  -3.16021e-06             0             0             0   3.36782e-06             0             0 
   127   0.000554142  -0.000564451             0    0.00105456             0             0             0    6.4036e-05             0             0 
   128  -0.000192808  -5.99712e-05             0  -0.000138228             0             0             0   5.39182e-06             0             0 
   129   8.02523e-05   2.54963e-05             0   3.10198e-05             0             0             0   2.37362e-05             0             0 
   130   0.000846682    0.00175451             0   -0.00104782             0             0             0   0.000139993             0             0 
   131   -0.00109178  -0.000110219             0  -0.000993132             0             0             0   1.15752e-05             0             0 
   132     0.0004736   0.000248418             0   0.000107877             0             0             0   0.000117305             0             0 
   133    0.00374592     0.0199665             0    -0.0165197             0             0             0   0.000299113             0             0 
   134   -0.00184135    0.00131858             0   -0.00318187             0             0             0   2.19431e-05             0             0 
   135   0.000160461   4.29427e-05             0   6.16702e-05             0             0             0   5.58485e-05             0             0 
   136    0.00253177     0.0185781             0    -0.0161635             0             0             0    0.00011715             0             0 
   137  -0.000214905    0.00178694             0   -0.00200881             0             0             0   6.96621e-06             0             0 
   138  -6.38926e-05  -5.08182e-05             0   9.04066e-06             0             0             0  -2.21151e-05             0             0 
   139    0.00188791     0.0039081             0   -0.00197983             0             0             0   -4.0357e-05             0             0 
   140    0.00027375   0.000222261             0   5.72148e-05             0             0             0  -5.72515e-06             0             0 
   147  -1.04451e-05   5.92717e-05             0  -6.96064e-05             0             0             0  -1.10347e-07             0             0 
   148     0.0132799    0.00634461             0     0.0068974             0             0             0   3.78702e-05             0             0 
   149      0.000587   0.000328336             0   0.000254772             0             0             0   3.89153e-06             0             0 
   150   1.61159e-05   2.89656e-05             0  -1.51403e-05             0             0             0   2.29057e-06             0             0 
   151    0.00124275   -0.00265002             0    0.00383702             0             0             0   5.57596e-05             0             0 
   152  -0.000561266  -0.000134551             0  -0.000432207             0             0             0   5.49236e-06             0             0 
   153   0.000485055   0.000427047             0    5.5878e-05             0             0             0   2.13029e-06             0             0 
   154     0.0016821    0.00122834             0   0.000410244             0             0             0   4.35181e-05             0             0 
   155   -0.00221293  -0.000147261             0   -0.00207048             0             0             0   4.80592e-06             0             0 
   156    0.00117161      0.001026             0   0.000152802             0             0             0  -7.19505e-06             0             0 
   157    0.00603039     0.0231183             0    -0.0170706             0             0             0  -1.72838e-05             0             0 
   158   -0.00282741    0.00131519             0   -0.00414159             0             0             0  -1.00351e-06             0             0 
   159   0.000255363   0.000283718             0   6.33435e-05             0             0             0  -9.16992e-05             0             0 
   160    0.00162273     0.0158674             0    -0.0140766             0             0             0  -0.000168034             0             0 
   161  -0.000692804    0.00130804             0     -0.001989             0             0             0  -1.18387e-05             0             0 
   162  -0.000173118  -0.000126936             0    5.1548e-06             0             0             0  -5.13359e-05             0             0 
   163   -0.00010289    0.00194257             0   -0.00196726             0             0             0  -7.82013e-05             0             0 
   164  -0.000282914  -0.000179539             0  -9.74596e-05             0             0             0  -5.91602e-06             0             0 
   219  -8.43619e-05  -4.73864e-05             0  -3.78949e-05             0             0             0   9.19365e-07             0             0 
   220    0.00467864    0.00187759             0    0.00267421             0             0             0   0.000126851             0             0 
   221    0.00110071  -7.58629e-06             0    0.00105597             0             0             0   5.23321e-05             0             0 
   222   6.84165e-06   1.08542e-05             0  -9.93975e-06             0             0             0    5.9272e-06             0             0 
   223   0.000406016   -0.00181336             0    0.00204701             0             0             0   0.000172373             0             0 
   224  -0.000251261    -0.0014929             0    0.00117802             0             0             0   6.36145e-05             0             0 
   225   0.000269129   0.000190124             0   3.06865e-05             0             0             0   4.83181e-05             0             0 
   226   0.000353991   -0.00045701             0   0.000513688             0             0             0   0.000297312             0             0 
   227  -0.000142132   -0.00141861             0    0.00117017             0             0             0   0.000106309             0             0 
   228   0.000145356  -0.000155619             0   0.000148453             0             0             0   0.000152523             0             0 
   229    0.00214081     0.0180215             0    -0.0163223             0             0             0   0.000441585             0             0 
   230   0.000243476    0.00485362             0   -0.00475126             0             0             0    0.00014111             0             0 
   231  -1.20194e-05  -0.000173851             0   0.000122431             0             0             0   3.94009e-05             0             0 
   232    0.00390048     0.0241912             0    -0.0204022             0             0             0   0.000111552             0             0 
   233    0.00117747    0.00921878             0   -0.00809977             0             0             0   5.84532e-05             0             0 
   234    0.00172382    0.00181386             0    3.6424e-05             0             0             0  -0.000126465             0             0 
   235    0.00931962      0.012649             0   -0.00323332             0             0             0  -9.60448e-05             0             0 
   236    0.00228358    0.00455693             0   -0.00225352             0             0             0  -1.98334e-05             0             0 
   243  -0.000181104  -8.72354e-05             0  -9.49984e-05             0             0             0   1.12961e-06             0             0 
   244     0.0142274    0.00634847             0    0.00775339             0             0             0   0.000125572             0             0 
   245    0.00210075   0.000194523             0    0.00183335             0             0             0   7.28759e-05             0             0 
   246  -1.35645e-05   2.49094e-06             0  -1.88667e-05             0             0             0   2.81128e-06             0             0 
   247   0.000723151    -0.0049897             0     0.0055736             0             0             0   0.000139256             0             0 
   248  -0.000827308   -0.00282283             0    0.00192777             0             0             0   6.77502e-05             0             0 
   249   0.000857851   0.000793176             0    5.7681e-05             0             0             0   6.99386e-06             0             0 
   250   0.000423378   -0.00226455             0    0.00259995             0             0             0   8.79729e-05             0             0 
   251  -0.000629459   -0.00227942             0    0.00159222             0             0             0   5.77415e-05             0             0 
   252    0.00107911   0.000954492             0   0.000161623             0             0             0  -3.70061e-05             0             0 
   253    0.00350034     0.0176421             0    -0.0140536             0             0             0  -8.82325e-05             0             0 
   254   0.000548105     0.0039779             0   -0.00345054             0             0             0   2.07459e-05             0             0 
   255  -0.000126771   -8.0137e-05             0   9.05708e-05             0             0             0  -0.000137205             0             0 
   256   0.000849235     0.0159054             0    -0.0147864             0             0             0  -0.000269801             0             0 
   257   0.000530457    0.00546153             0   -0.00490861             0             0             0  -2.24569e-05             0             0 
   258   0.000432077   0.000496721             0    1.3911e-05             0             0             0   -7.8555e-05             0             0 
   259    0.00203453    0.00453831             0   -0.00238247             0             0             0  -0.000121313             0             0 
   260    0.00039528    0.00138975             0    -0.0009765             0             0             0  -1.79683e-05             0             0 
   315  -0.000245327  -0.000148128             0  -9.85669e-05             0             0             0   1.36744e-06             0             0 
   316    0.00461464   0.000762325             0    0.00372599             0             0             0   0.000126328             0             0 
   317    0.00423113   -0.00054187             0    0.00472013             0             0             0   5.28671e-05             0             0 
   318   1.10698e-05   5.92402e-05             0  -5.11797e-05             0             0             0   3.00928e-06             0             0 
   319  -8.77422e-05   -0.00409429             0    0.00386507             0             0             0   0.000141484             0             0 
   320  -0.000688422   -0.00594468             0    0.00518608             0             0             0   7.01725e-05             0             0 
   321   0.000224274   0.000201473             0  -3.51067e-06             0             0             0    2.6312e-05             0             0 
   322   -0.00015785   -0.00408667             0    0.00372535             0             0             0   0.000203473             0             0 
   323  -0.000162103   -0.00667606             0    0.00636785             0             0             0    0.00014611             0             0 
   324  -0.000365457  -0.000613973             0   0.000179572             0             0             0   6.89443e-05             0             0 
   325   -0.00107182    0.00821474             0   -0.00952266             0             0             0   0.000236093             0             0 
   326    -0.0017271    0.00174378             0   -0.00365747             0             0             0   0.000186586             0             0 
   327  -0.000686984  -0.000852128             0   0.000208026             0             0             0   -4.2882e-05             0             0 
   328    0.00193474     0.0206704             0    -0.0187048             0             0             0  -3.08405e-05             0             0 
   329   0.000233439     0.0155918             0    -0.0153301             0             0             0  -2.82937e-05             0             0 
   330    0.00256297    0.00271482             0   7.49175e-05             0             0             0   -0.00022677             0             0 
   331     0.0134892     0.0184642             0   -0.00477437             0             0             0  -0.000200719             0             0 
   332    0.00823557     0.0140053             0   -0.00559262             0             0             0  -0.000177152             0             0 
   339  -0.000352814  -0.000231712             0  -0.000121679             0             0             0   5.76522e-07             0             0 
   340    0.00949163     0.0029528             0    0.00646121             0             0             0   7.76158e-05             0             0 
   341    0.00438398  -0.000896059             0     0.0052575             0             0             0   2.25378e-05             0             0 
   342   6.50624e-06   6.26237e-05             0  -5.64941e-05             0             0             0   3.76665e-07             0             0 
   343  -0.000324358   -0.00660187             0    0.00622015             0             0             0   5.73682e-05             0             0 
   344   -0.00191457   -0.00770111             0    0.00576078             0             0             0   2.57716e-05             0             0 
   345   0.000497201   0.000488377             0   1.29916e-05             0             0             0  -4.16749e-06             0             0 
   346  -0.000639154   -0.00560241             0    0.00496035             0             0             0   2.89918e-06             0             0 
   347  -0.000931769   -0.00637289             0    0.00540964             0             0             0   3.14862e-05             0             0 
   348   0.000491393   0.000397222             0   0.000136725             0             0             0  -4.25546e-05             0             0 
   349   0.000506202    0.00623168             0   -0.00560485             0             0             0   -0.00012063             0             0 
   350  -6.48923e-05    0.00184902             0   -0.00189648             0             0             0  -1.74372e-05             0             0 
   351  -7.41987e-05  -8.94551e-05             0   0.000107494             0             0             0  -9.22373e-05             0             0 
   352   0.000171947     0.0102078             0   -0.00983984             0             0             0  -0.000196004             0             0 
   353  -0.000174676     0.0067983             0    -0.0068913             0             0             0  -8.16751e-05             0             0 
   354   0.000883151   0.000933728             0   2.21347e-05             0             0             0  -7.27114e-05             0             0 
   355    0.00295752    0.00516825             0   -0.00209526             0             0             0  -0.000115476             0             0 
   356    0.00120161    0.00310127             0   -0.00183329             0             0             0  -6.63683e-05             0             0 
   411  -0.000120294  -1.92434e-05             0  -9.97013e-05             0             0             0  -1.34925e-06             0             0 
   412    0.00267098   -3.4193e-05             0    0.00274985             0             0             0  -4.46794e-05             0             0 
   413    0.00476846  -0.000189725             0    0.00504033             0             0             0  -8.21394e-05             0             0 
   414   3.31867e-05   8.15419e-05             0  -4.85959e-05             0             0             0   2.40641e-07             0             0 
   415  -0.000483504   -0.00312154             0    0.00271458             0             0             0  -7.65392e-05             0             0 
   416  -0.000610777   -0.00553635             0    0.00504847             0             0             0  -0.000122897             0             0 
   417   1.32861e-05   4.28855e-05             0  -2.26845e-05             0             0             0  -6.91492e-06             0             0 
   418   -0.00090645   -0.00350872             0    0.00272239             0             0             0  -0.000120124             0             0 
   419  -0.000691624   -0.00696945             0     0.0064868             0             0             0  -0.000208971             0             0 
   420  -0.000631795  -0.000649692             0    6.5306e-05             0             0             0  -4.74091e-05             0             0 
   421   -0.00318522   -0.00108694             0   -0.00192861             0             0             0  -0.000169666             0             0 
   422    -0.0035384   -0.00504235             0    0.00179789             0             0             0  -0.000293944             0             0 
   423  -0.000978716   -0.00090509             0   0.000100163             0             0             0  -0.000173789             0             0 
   424   -0.00313397    0.00393575             0   -0.00675416             0             0             0  -0.000315548             0             0 
   425   -0.00305435    0.00422128             0    -0.0068559             0             0             0  -0.000419728             0             0 
   426   0.000873293     0.0010713             0   3.88025e-05             0             0             0  -0.000236809             0             0 
   427    0.00314388    0.00576799             0   -0.00231962             0             0             0  -0.000304491             0             0 
   428    0.00389911    0.00717956             0   -0.00292139             0             0             0  -0.000359065             0             0 
   435  -0.000104635  -3.86954e-05             0  -6.39386e-05             0             0             0  -2.00123e-06             0             0 
   436    0.00179089   -0.00030328             0    0.00214477             0             0             0  -5.06022e-05             0             0 
   437    0.00234769  -0.000941328             0    0.00338102             0             0             0  -9.19979e-05             0             0 
   438   5.04288e-05   8.73115e-05             0  -3.81056e-05             0             0             0   1.22293e-06             0             0 
   439  -0.000581081   -0.00285681             0    0.00233892             0             0             0  -6.31936e-05             0             0 
   440   -0.00113352   -0.00462598             0    0.00359196             0             0             0  -9.94997e-05             0             0 
   441   3.30528e-05   5.39228e-05             0  -1.37241e-05             0             0             0  -7.14583e-06             0             0 
   442  -0.000491692    -0.0026585             0    0.00225959             0             0             0  -9.27837e-05             0             0 
   443  -0.000601061   -0.00436913             0    0.00390848             0             0             0  -0.000140415             0             0 
   444  -8.98607e-05  -9.07598e-05             0   3.47392e-05             0             0             0  -3.38401e-05             0             0 
   445  -0.000573356  -0.000389571             0  -5.54386e-05             0             0             0  -0.000128347             0             0 
   446  -0.000873626   -0.00196548             0    0.00125865             0             0             0  -0.000166795             0             0 
   447  -0.000145454  -0.000123263             0   3.59081e-05             0             0             0  -5.80986e-05             0             0 
   448  -0.000530513    0.00164595             0   -0.00204997             0             0             0  -0.000126491             0             0 
   449   -0.00074104     0.0015965             0   -0.00220206             0             0             0  -0.000135484             0             0 
   450   0.000244214   0.000284199             0    8.3919e-06             0             0             0   -4.8376e-05             0             0 
   451   0.000598198    0.00126247             0  -0.000584517             0             0             0  -7.97503e-05             0             0 
   452   0.000389516     0.0011959             0  -0.000729692             0             0             0  -7.66935e-05             0             0 
