#varID         total       dxdbVol      dxdbSurf          dSdb          dndb    dxdbDirect          dVdb      distance       options          dvdb
    27   1.29087e-05   2.09608e-05             0  -7.78234e-06             0             0             0   -2.6974e-07             0             0 
    28    0.00173444   0.000827266             0   0.000879525             0             0             0    2.7648e-05             0             0 
    30   8.59443e-06   5.61989e-06             0   8.00771e-07             0             0             0   2.17377e-06             0             0 
    31   7.89003e-06   7.15907e-05             0  -9.62657e-05             0             0             0    3.2565e-05             0             0 
    33  -0.000141409   -0.00016108             0   1.38135e-05             0             0             0   5.85769e-06             0             0 
    34  -0.000670094   0.000413933             0   -0.00113143             0             0             0   4.73999e-05             0             0 
    36   -0.00136355   -0.00141532             0   4.28541e-05             0             0             0   8.91259e-06             0             0 
    37   -0.00284383    0.00494787             0   -0.00783988             0             0             0   4.81796e-05             0             0 
    39  -0.000390741  -0.000359401             0   2.36275e-05             0             0             0  -5.49669e-05             0             0 
    40   -0.00025035    0.00649791             0   -0.00673226             0             0             0  -1.60048e-05             0             0 
    42    0.00408204    0.00409074             0   8.10666e-06             0             0             0  -1.68093e-05             0             0 
    43     0.0137328     0.0137575             0  -2.07547e-05             0             0             0  -4.00545e-06             0             0 
    51   4.52763e-05   7.42449e-05             0  -2.85586e-05             0             0             0  -4.09963e-07             0             0 
    52    0.00618864    0.00301641             0    0.00313787             0             0             0   3.43676e-05             0             0 
    54   9.56992e-06    5.1421e-06             0   2.79536e-06             0             0             0   1.63245e-06             0             0 
    55  -0.000288946   0.000106228             0  -0.000426691             0             0             0   3.15179e-05             0             0 
    57  -5.76794e-05  -7.95613e-05             0   2.62024e-05             0             0             0  -4.32049e-06             0             0 
    58   -0.00147859  -8.36663e-05             0   -0.00140396             0             0             0   9.03708e-06             0             0 
    60  -0.000949626   -0.00101095             0   6.62649e-05             0             0             0  -4.94453e-06             0             0 
    61   -0.00202492    0.00706142             0   -0.00907568             0             0             0  -1.06626e-05             0             0 
    63  -0.000831445  -0.000832717             0   2.42401e-05             0             0             0  -2.29677e-05             0             0 
    64   -0.00190402    0.00432499             0    -0.0062181             0             0             0  -1.09031e-05             0             0 
    66    0.00157449    0.00159142             0   3.35452e-06             0             0             0  -2.02819e-05             0             0 
    67    0.00430484    0.00493278             0  -0.000631357             0             0             0   3.42027e-06             0             0 
   123   2.30164e-05   4.00282e-05             0  -1.64873e-05             0             0             0   -5.2456e-07             0             0 
   124    0.00368547     0.0017651             0     0.0018534             0             0             0   6.69714e-05             0             0 
   125   0.000146997   8.48488e-05             0    5.8054e-05             0             0             0   4.09389e-06             0             0 
   126   1.46752e-05   6.43348e-06             0   3.26565e-06             0             0             0   4.97611e-06             0             0 
   127   8.31186e-05   0.000137045             0  -0.000131084             0             0             0   7.71581e-05             0             0 
   128  -0.000262868  -3.83677e-05             0   -0.00022928             0             0             0   4.77933e-06             0             0 
   129   -0.00022741  -0.000275073             0    3.2145e-05             0             0             0   1.55185e-05             0             0 
   130  -0.000857578    0.00117669             0   -0.00214377             0             0             0   0.000109502             0             0 
   131   -0.00110606  -0.000108315             0   -0.00100376             0             0             0   6.01434e-06             0             0 
   132   -0.00266319    -0.0027784             0   9.24718e-05             0             0             0   2.27465e-05             0             0 
   133   -0.00503242     0.0104363             0    -0.0155797             0             0             0   0.000111013             0             0 
   134   -0.00188302    0.00101969             0   -0.00290737             0             0             0   4.65563e-06             0             0 
   135   -0.00145103    -0.0014333             0   5.04651e-05             0             0             0   -6.8195e-05             0             0 
   136    -0.0013885     0.0123666             0    -0.0137457             0             0             0  -9.38531e-06             0             0 
   137   0.000403346    0.00244735             0   -0.00203814             0             0             0  -5.86355e-06             0             0 
   138    0.00605684    0.00597071             0    1.5447e-05             0             0             0    7.0676e-05             0             0 
   139     0.0207894     0.0205698             0   0.000179789             0             0             0   3.98067e-05             0             0 
   140    0.00274892     0.0032494             0  -0.000507069             0             0             0   6.59572e-06             0             0 
   147   7.94718e-05   0.000138038             0  -5.78532e-05             0             0             0  -7.12958e-07             0             0 
   148     0.0127499    0.00626958             0    0.00640323             0             0             0   7.70617e-05             0             0 
   149   0.000474415   0.000289919             0   0.000179455             0             0             0   5.04154e-06             0             0 
   150    9.7047e-06  -4.33231e-06             0   1.03874e-05             0             0             0   3.64959e-06             0             0 
   151  -0.000396783   0.000130356             0  -0.000597774             0             0             0   7.06353e-05             0             0 
   152  -0.000832577   -5.8197e-05             0  -0.000779039             0             0             0   4.65916e-06             0             0 
   153   4.28589e-06  -5.20905e-05             0   6.08049e-05             0             0             0  -4.42854e-06             0             0 
   154   -0.00190065   0.000539152             0   -0.00246248             0             0             0    2.2674e-05             0             0 
   155   -0.00228128  -0.000133904             0   -0.00214851             0             0             0   1.13411e-06             0             0 
   156   -0.00175273   -0.00188433             0   0.000137145             0             0             0   -5.5523e-06             0             0 
   157   -0.00293592     0.0142862             0    -0.0172099             0             0             0   -1.2194e-05             0             0 
   158   -0.00261803    0.00120174             0   -0.00381866             0             0             0  -1.11529e-06             0             0 
   159   -0.00196244   -0.00198823             0   5.05897e-05             0             0             0  -2.47949e-05             0             0 
   160   -0.00397572    0.00824862             0    -0.0122161             0             0             0  -8.26697e-06             0             0 
   161  -0.000214924    0.00162317             0   -0.00183609             0             0             0   -2.0038e-06             0             0 
   162    0.00207779    0.00207205             0   6.66104e-06             0             0             0  -9.23271e-07             0             0 
   163    0.00639891    0.00745055             0   -0.00107807             0             0             0   2.64286e-05             0             0 
   164   0.000842219    0.00106238             0   -0.00022025             0             0             0   9.24684e-08             0             0 
   219  -3.41834e-05  -1.85574e-06             0  -3.26998e-05             0             0             0   3.72168e-07             0             0 
   220    0.00472751    0.00214144             0    0.00246478             0             0             0   0.000121294             0             0 
   221     0.0013288   0.000310383             0    0.00098301             0             0             0   3.54096e-05             0             0 
   222  -1.29426e-05  -2.29612e-05             0   3.00887e-06             0             0             0   7.00969e-06             0             0 
   223   0.000161416   -0.00036365             0    0.00040326             0             0             0   0.000121806             0             0 
   224  -0.000161987  -0.000805791             0    0.00060812             0             0             0   3.56835e-05             0             0 
   225  -0.000116131  -0.000178248             0   3.78206e-05             0             0             0   2.42965e-05             0             0 
   226   -0.00046617   0.000449004             0   -0.00107165             0             0             0   0.000156476             0             0 
   227  -0.000303329   -0.00098197             0   0.000613751             0             0             0   6.48899e-05             0             0 
   228   -0.00235803     -0.002534             0   0.000126996             0             0             0   4.89741e-05             0             0 
   229    -0.0048262      0.010511             0    -0.0155172             0             0             0   0.000179986             0             0 
   230    -0.0009457    0.00355361             0   -0.00459228             0             0             0   9.29716e-05             0             0 
   231   -0.00154022   -0.00165617             0   0.000101517             0             0             0   1.44324e-05             0             0 
   232  -0.000314458     0.0162139             0    -0.0165935             0             0             0   6.51295e-05             0             0 
   233   0.000934564    0.00789772             0    -0.0070207             0             0             0   5.75382e-05             0             0 
   234    0.00475443    0.00461158             0   4.24892e-05             0             0             0   0.000100362             0             0 
   235     0.0186009     0.0195595             0   -0.00101568             0             0             0   5.70608e-05             0             0 
   236    0.00453297    0.00679002             0   -0.00228926             0             0             0   3.22195e-05             0             0 
   243  -4.59328e-05   3.33386e-05             0  -7.95905e-05             0             0             0   3.19184e-07             0             0 
   244     0.0141796    0.00697884             0    0.00708086             0             0             0   0.000119907             0             0 
   245    0.00240832    0.00070226             0     0.0016582             0             0             0   4.78588e-05             0             0 
   246  -5.79461e-05  -8.04527e-05             0   1.81142e-05             0             0             0   4.39249e-06             0             0 
   247  -0.000110856  -0.000758563             0   0.000553113             0             0             0   9.45937e-05             0             0 
   248  -0.000566067   -0.00157374             0   0.000972028             0             0             0   3.56501e-05             0             0 
   249   0.000137064   6.33181e-05             0   7.27156e-05             0             0             0   1.03053e-06             0             0 
   250   -0.00105613  -0.000438813             0  -0.000656878             0             0             0   3.95637e-05             0             0 
   251  -0.000605729   -0.00151412             0   0.000874421             0             0             0   3.39653e-05             0             0 
   252   -0.00144861   -0.00159102             0   0.000146483             0             0             0  -4.07163e-06             0             0 
   253   -0.00299164     0.0116826             0    -0.0146687             0             0             0  -5.55398e-06             0             0 
   254  -0.000492732     0.0030584             0   -0.00357439             0             0             0   2.32537e-05             0             0 
   255   -0.00179399   -0.00184775             0   7.23485e-05             0             0             0  -1.85863e-05             0             0 
   256   -0.00354403    0.00882681             0    -0.0123342             0             0             0  -3.66403e-05             0             0 
   257  -3.26153e-05    0.00419074             0   -0.00422087             0             0             0  -2.49332e-06             0             0 
   258    0.00146612    0.00144636             0   1.55527e-05             0             0             0   4.20761e-06             0             0 
   259    0.00529466    0.00662902             0   -0.00132832             0             0             0  -6.04116e-06             0             0 
   260    0.00113112    0.00210469             0  -0.000968499             0             0             0  -5.06888e-06             0             0 
   315  -0.000141408  -5.50826e-05             0  -8.74261e-05             0             0             0   1.10123e-06             0             0 
   316    0.00519754     0.0016174             0    0.00347519             0             0             0   0.000104944             0             0 
   317    0.00550935   0.000895403             0    0.00458247             0             0             0   3.14793e-05             0             0 
   318  -3.55093e-05  -1.42826e-05             0  -2.56668e-05             0             0             0   4.44012e-06             0             0 
   319  -0.000100242   -0.00184622             0    0.00165475             0             0             0    9.1229e-05             0             0 
   320    -0.0004326   -0.00312141             0    0.00265601             0             0             0   3.28006e-05             0             0 
   321  -6.34755e-05  -9.11385e-05             0   1.09536e-05             0             0             0   1.67094e-05             0             0 
   322  -0.000889478    -0.0027301             0     0.0017221             0             0             0   0.000118524             0             0 
   323    -0.0010445   -0.00542565             0    0.00428758             0             0             0   9.35711e-05             0             0 
   324   -0.00150656   -0.00170256             0   0.000155314             0             0             0   4.06863e-05             0             0 
   325   -0.00471988    0.00497742             0   -0.00984296             0             0             0   0.000145656             0             0 
   326   -0.00394887   0.000859388             0   -0.00494613             0             0             0   0.000137871             0             0 
   327  -0.000984264   -0.00116244             0   0.000174731             0             0             0   3.44004e-06             0             0 
   328    0.00010072     0.0150166             0    -0.0149197             0             0             0   3.82259e-06             0             0 
   329  -0.000241548     0.0123935             0    -0.0126363             0             0             0   1.22246e-06             0             0 
   330    0.00379553    0.00375849             0   8.25913e-05             0             0             0  -4.55496e-05             0             0 
   331     0.0177264     0.0210284             0    -0.0032195             0             0             0  -8.24364e-05             0             0 
   332     0.0108228     0.0154966             0   -0.00457572             0             0             0  -9.80798e-05             0             0 
   339  -0.000189039  -8.52272e-05             0  -0.000104304             0             0             0   4.91492e-07             0             0 
   340     0.0101367    0.00410243             0    0.00596328             0             0             0   7.09881e-05             0             0 
   341    0.00570993   0.000662272             0    0.00503262             0             0             0   1.50403e-05             0             0 
   342  -8.46121e-05  -7.31623e-05             0    -1.303e-05             0             0             0   1.58032e-06             0             0 
   343  -0.000440816   -0.00287096             0    0.00238848             0             0             0   4.16648e-05             0             0 
   344   -0.00133798   -0.00445839             0    0.00310888             0             0             0   1.15289e-05             0             0 
   345   4.46909e-05   1.12922e-05             0   3.48978e-05             0             0             0  -1.49917e-06             0             0 
   346   -0.00112869   -0.00348596             0    0.00234813             0             0             0   9.13721e-06             0             0 
   347   -0.00121891   -0.00490746             0    0.00366673             0             0             0   2.18175e-05             0             0 
   348  -0.000686123  -0.000793453             0   0.000125289             0             0             0  -1.79588e-05             0             0 
   349   -0.00235173    0.00452426             0   -0.00682485             0             0             0   -5.1145e-05             0             0 
   350   -0.00144082    0.00159859             0   -0.00302865             0             0             0  -1.07589e-05             0             0 
   351  -0.000723182  -0.000767891             0   8.73715e-05             0             0             0  -4.26624e-05             0             0 
   352   -0.00156444    0.00662156             0   -0.00807547             0             0             0  -0.000110529             0             0 
   353  -0.000627139    0.00522535             0   -0.00578582             0             0             0  -6.66681e-05             0             0 
   354    0.00119316    0.00120292             0   2.33736e-05             0             0             0  -3.31319e-05             0             0 
   355    0.00425333    0.00572719             0   -0.00139714             0             0             0  -7.67235e-05             0             0 
   356    0.00185588    0.00339725             0   -0.00148383             0             0             0  -5.75374e-05             0             0 
   411  -3.65355e-05   5.56915e-05             0  -9.10142e-05             0             0             0  -1.21284e-06             0             0 
   412    0.00315724   0.000557688             0    0.00262537             0             0             0  -2.58206e-05             0             0 
   413     0.0060224    0.00103664             0    0.00503746             0             0             0  -5.17012e-05             0             0 
   414   7.69583e-06   3.93578e-05             0   -3.0567e-05             0             0             0    -1.095e-06             0             0 
   415   -0.00042522   -0.00151346             0    0.00114169             0             0             0  -5.34419e-05             0             0 
   416  -0.000353047   -0.00278012             0    0.00250863             0             0             0  -8.15585e-05             0             0 
   417  -6.27169e-05  -4.01441e-05             0  -1.44068e-05             0             0             0  -8.16603e-06             0             0 
   418   -0.00156417   -0.00305807             0    0.00159197             0             0             0  -9.80793e-05             0             0 
   419   -0.00160185   -0.00603343             0     0.0045927             0             0             0  -0.000161128             0             0 
   420   -0.00073163  -0.000751389             0   5.78446e-05             0             0             0  -3.80862e-05             0             0 
   421   -0.00433627   -0.00168127             0   -0.00249978             0             0             0  -0.000155222             0             0 
   422   -0.00520936   -0.00495819             0   2.52846e-06             0             0             0  -0.000253697             0             0 
   423  -0.000537168  -0.000496012             0    8.2146e-05             0             0             0  -0.000123302             0             0 
   424   -0.00393775    0.00174135             0   -0.00541232             0             0             0  -0.000266788             0             0 
   425   -0.00393788     0.0021592             0   -0.00573748             0             0             0  -0.000359602             0             0 
   426     0.0015912    0.00171897             0   3.98952e-05             0             0             0  -0.000167667             0             0 
   427    0.00359446    0.00556953             0   -0.00173408             0             0             0  -0.000240983             0             0 
   428    0.00464001    0.00725199             0   -0.00230643             0             0             0  -0.000305552             0             0 
   435  -2.85125e-05   2.94888e-05             0  -5.66147e-05             0             0             0  -1.38658e-06             0             0 
   436    0.00239056    0.00035618             0    0.00205955             0             0             0  -2.51719e-05             0             0 
   437    0.00346161   0.000134686             0    0.00337745             0             0             0  -5.05263e-05             0             0 
   438   5.19002e-06   2.80419e-05             0  -2.19291e-05             0             0             0  -9.22875e-07             0             0 
   439  -0.000471685   -0.00157975             0    0.00113946             0             0             0  -3.13955e-05             0             0 
   440  -0.000845482   -0.00265983             0    0.00186619             0             0             0  -5.18415e-05             0             0 
   441  -2.52591e-05  -1.11881e-05             0  -6.54529e-06             0             0             0  -7.52577e-06             0             0 
   442  -0.000682775   -0.00208816             0    0.00146741             0             0             0  -6.20238e-05             0             0 
   443  -0.000916689   -0.00369119             0     0.0028704             0             0             0  -9.59005e-05             0             0 
   444  -0.000192808  -0.000198892             0   3.26442e-05             0             0             0  -2.65611e-05             0             0 
   445   -0.00105159  -0.000335026             0  -0.000611013             0             0             0  -0.000105551             0             0 
   446   -0.00157067   -0.00175721             0   0.000325354             0             0             0  -0.000138816             0             0 
   447  -0.000137661  -0.000123385             0   2.89207e-05             0             0             0  -4.31968e-05             0             0 
   448  -0.000837627   0.000971802             0   -0.00169952             0             0             0  -0.000109907             0             0 
   449    -0.0010585   0.000962599             0   -0.00189868             0             0             0  -0.000122419             0             0 
   450   0.000361872   0.000390998             0   8.31387e-06             0             0             0  -3.74397e-05             0             0 
   451   0.000698262    0.00118074             0  -0.000411885             0             0             0  -7.05982e-05             0             0 
   452    0.00054261     0.0011827             0  -0.000565964             0             0             0  -7.41273e-05             0             0 
