#varID         total       dxdbVol      dxdbSurf          dSdb          dndb    dxdbDirect          dVdb      distance       options          dvdb
    27  -2.73185e-06   7.07847e-06             0  -9.86951e-06             0             0             0   5.91835e-08             0             0 
    28    0.00187452   0.000883181             0   0.000991939             0             0             0  -6.02349e-07             0             0 
    30   5.82059e-06   9.21233e-06             0  -3.83064e-06             0             0             0   4.38897e-07             0             0 
    31   0.000440833  -0.000434259             0   0.000870128             0             0             0   4.96448e-06             0             0 
    33   0.000111575   9.78337e-05             0    1.5077e-05             0             0             0  -1.33583e-06             0             0 
    34     0.0010342    0.00175577             0  -0.000727909             0             0             0    6.3479e-06             0             0 
    36    0.00131003     0.0012484             0   5.00933e-05             0             0             0   1.15363e-05             0             0 
    37    0.00360285     0.0118815             0   -0.00830233             0             0             0   2.36618e-05             0             0 
    39    0.00115402    0.00110136             0   3.01956e-05             0             0             0   2.24599e-05             0             0 
    40    0.00149181    0.00941013             0   -0.00794709             0             0             0   2.87641e-05             0             0 
    42  -0.000986167   -0.00106354             0   5.43801e-06             0             0             0   7.19314e-05             0             0 
    43   -0.00289821   -0.00147733             0   -0.00146086             0             0             0   3.99887e-05             0             0 
    51    1.3161e-05   5.10796e-05             0  -3.79792e-05             0             0             0    6.0536e-08             0             0 
    52    0.00691328    0.00328854             0    0.00363026             0             0             0  -5.51034e-06             0             0 
    54  -2.10183e-05  -4.09185e-06             0  -1.70717e-05             0             0             0   1.45252e-07             0             0 
    55    0.00129296   -0.00211094             0    0.00340473             0             0             0   -8.2584e-07             0             0 
    57    0.00024162   0.000218966             0   2.80484e-05             0             0             0  -5.39439e-06             0             0 
    58    0.00212429    0.00222225             0  -9.01967e-05             0             0             0  -7.76306e-06             0             0 
    60    0.00151518    0.00143739             0   7.47463e-05             0             0             0   3.04941e-06             0             0 
    61    0.00501349     0.0141848             0   -0.00917598             0             0             0   4.67322e-06             0             0 
    63    0.00135355    0.00131907             0    3.0652e-05             0             0             0   3.83346e-06             0             0 
    64    0.00226899    0.00932474             0   -0.00706369             0             0             0   7.94942e-06             0             0 
    66  -0.000187221  -0.000200067             0   3.21454e-06             0             0             0   9.63093e-06             0             0 
    67   -0.00109145   8.51666e-05             0   -0.00118878             0             0             0   1.21595e-05             0             0 
   123  -3.56894e-05  -1.37377e-05             0  -2.20569e-05             0             0             0   1.05196e-07             0             0 
   124    0.00393105    0.00175774             0     0.0021566             0             0             0   1.67067e-05             0             0 
   125   0.000202547   9.37217e-05             0   0.000106895             0             0             0   1.93025e-06             0             0 
   126   9.16731e-06   1.54416e-05             0  -8.88964e-06             0             0             0   2.61531e-06             0             0 
   127   0.000910992   -0.00126685             0     0.0021199             0             0             0   5.79429e-05             0             0 
   128  -0.000155656  -0.000111041             0  -5.03551e-05             0             0             0   5.73985e-06             0             0 
   129   0.000228779   0.000164481             0   3.38898e-05             0             0             0   3.04079e-05             0             0 
   130    0.00180011    0.00283064             0    -0.0011927             0             0             0   0.000162171             0             0 
   131   -0.00114566  -0.000109729             0   -0.00105105             0             0             0    1.5123e-05             0             0 
   132    0.00268904    0.00237561             0   0.000111023             0             0             0   0.000202405             0             0 
   133    0.00966589     0.0258577             0    -0.0166454             0             0             0    0.00045361             0             0 
   134   -0.00173535    0.00152771             0   -0.00329843             0             0             0   3.53711e-05             0             0 
   135   0.000564004   0.000366702             0   6.37073e-05             0             0             0   0.000133595             0             0 
   136    0.00297213     0.0187909             0    -0.0160371             0             0             0   0.000218395             0             0 
   137  -0.000562323    0.00162877             0    -0.0022071             0             0             0   1.60058e-05             0             0 
   138   -0.00354604   -0.00361413             0   8.09685e-06             0             0             0   5.99915e-05             0             0 
   139   -0.00792424    -0.0049625             0   -0.00295833             0             0             0  -3.40377e-06             0             0 
   140  -0.000400857  -6.17082e-05             0  -0.000341149             0             0             0   1.99999e-06             0             0 
   147  -6.72711e-05   1.45617e-05             0  -8.18485e-05             0             0             0   1.56111e-08             0             0 
   148     0.0138288    0.00617339             0    0.00764476             0             0             0   1.06457e-05             0             0 
   149   0.000693607   0.000334883             0   0.000356298             0             0             0   2.42647e-06             0             0 
   150  -2.47944e-05   1.27739e-05             0  -3.91538e-05             0             0             0   1.58544e-06             0             0 
   151    0.00250716   -0.00552228             0    0.00798037             0             0             0   4.90671e-05             0             0 
   152  -0.000388718  -0.000313093             0  -8.16903e-05             0             0             0   6.06605e-06             0             0 
   153   0.000650728   0.000582314             0   6.19173e-05             0             0             0   6.49662e-06             0             0 
   154    0.00361118    0.00309779             0   0.000453011             0             0             0   6.03826e-05             0             0 
   155   -0.00230804  -0.000155939             0   -0.00215922             0             0             0   7.12178e-06             0             0 
   156    0.00312292    0.00297134             0   0.000157209             0             0             0  -5.62949e-06             0             0 
   157     0.0115873     0.0291054             0    -0.0175036             0             0             0   -1.4468e-05             0             0 
   158   -0.00277758    0.00154518             0   -0.00432114             0             0             0  -1.62329e-06             0             0 
   159    0.00121757    0.00130989             0   6.54386e-05             0             0             0  -0.000157751             0             0 
   160    0.00368752     0.0178693             0    -0.0139073             0             0             0  -0.000274529             0             0 
   161   -0.00077163    0.00132202             0   -0.00207255             0             0             0  -2.10986e-05             0             0 
   162   -0.00154368   -0.00147576             0   4.80327e-06             0             0             0  -7.27234e-05             0             0 
   163   -0.00376194   -0.00141498             0   -0.00223899             0             0             0  -0.000107971             0             0 
   164  -0.000693059  -0.000453413             0  -0.000232293             0             0             0  -7.35288e-06             0             0 
   219  -0.000199122  -0.000157082             0  -4.28772e-05             0             0             0   8.37158e-07             0             0 
   220    0.00472338    0.00163594             0    0.00295041             0             0             0   0.000137027             0             0 
   221    0.00068255  -0.000525754             0    0.00113497             0             0             0   7.33329e-05             0             0 
   222   1.78545e-06   2.11077e-05             0  -2.15797e-05             0             0             0   2.25744e-06             0             0 
   223   0.000709019   -0.00303797             0    0.00352675             0             0             0   0.000220239             0             0 
   224  -0.000466575   -0.00222227             0    0.00167364             0             0             0   8.20594e-05             0             0 
   225   0.000512515   0.000421512             0   3.01772e-05             0             0             0   6.08266e-05             0             0 
   226    0.00134497   0.000297604             0   0.000672317             0             0             0   0.000375045             0             0 
   227  -0.000194025   -0.00157876             0    0.00128617             0             0             0   9.85658e-05             0             0 
   228    0.00262786    0.00224698             0   0.000156023             0             0             0   0.000224848             0             0 
   229    0.00892102     0.0249171             0    -0.0165803             0             0             0   0.000584227             0             0 
   230    0.00114832    0.00601846             0   -0.00498736             0             0             0   0.000117218             0             0 
   231   0.000443758   0.000236778             0   0.000125776             0             0             0   8.12034e-05             0             0 
   232     0.0043708     0.0249066             0    -0.0206798             0             0             0   0.000143934             0             0 
   233   0.000836597    0.00906275             0   -0.00827338             0             0             0   4.72211e-05             0             0 
   234   -0.00231932   -0.00232604             0   3.10618e-05             0             0             0  -2.43438e-05             0             0 
   235    -0.0025445    0.00128987             0   -0.00377769             0             0             0  -5.66837e-05             0             0 
   236   4.30697e-05    0.00222374             0   -0.00217818             0             0             0   -2.4852e-06             0             0 
   243  -0.000489981  -0.000380274             0  -0.000110463             0             0             0   7.56971e-07             0             0 
   244     0.0148135    0.00601288             0    0.00865876             0             0             0   0.000141823             0             0 
   245     0.0014549  -0.000677621             0    0.00202354             0             0             0   0.000108977             0             0 
   246  -2.38892e-05   3.19201e-05             0  -5.37083e-05             0             0             0  -2.10097e-06             0             0 
   247    0.00175535   -0.00867152             0     0.0102394             0             0             0   0.000187486             0             0 
   248   -0.00150791   -0.00440034             0    0.00279421             0             0             0   9.82157e-05             0             0 
   249    0.00126316    0.00119956             0   5.58394e-05             0             0             0   7.76442e-06             0             0 
   250    0.00194561   -0.00129964             0    0.00313285             0             0             0   0.000112396             0             0 
   251   -0.00110918   -0.00286932             0    0.00170325             0             0             0   5.68966e-05             0             0 
   252    0.00320411    0.00310128             0   0.000167201             0             0             0  -6.43714e-05             0             0 
   253    0.00919617     0.0237216             0    -0.0143652             0             0             0  -0.000160272             0             0 
   254    0.00132759    0.00505553             0   -0.00373081             0             0             0   2.86905e-06             0             0 
   255   0.000610409   0.000748799             0   9.48805e-05             0             0             0  -0.000233271             0             0 
   256    0.00263019     0.0180068             0    -0.0149477             0             0             0  -0.000428826             0             0 
   257   0.000819782    0.00593229             0   -0.00507758             0             0             0  -3.49224e-05             0             0 
   258   -0.00117245   -0.00108799             0   1.21306e-05             0             0             0    -9.659e-05             0             0 
   259   -0.00208223   0.000520763             0   -0.00246338             0             0             0  -0.000139607             0             0 
   260   -0.00029367   0.000638507             0   -0.00091587             0             0             0  -1.63069e-05             0             0 
   315  -0.000460733  -0.000353767             0  -0.000108283             0             0             0   1.31737e-06             0             0 
   316      0.003686  -0.000482394             0    0.00402795             0             0             0    0.00014044             0             0 
   317    0.00218571   -0.00278681             0    0.00490395             0             0             0   6.85694e-05             0             0 
   318  -6.95507e-06   6.69876e-05             0  -7.28569e-05             0             0             0  -1.08573e-06             0             0 
   319  -2.77677e-05   -0.00601632             0    0.00581346             0             0             0   0.000175097             0             0 
   320  -0.000802075   -0.00822892             0    0.00734621             0             0             0   8.06271e-05             0             0 
   321   0.000302752   0.000284325             0  -7.18235e-06             0             0             0   2.56097e-05             0             0 
   322   0.000474573   -0.00422214             0    0.00448365             0             0             0   0.000213063             0             0 
   323   0.000517554   -0.00689719             0    0.00730543             0             0             0   0.000109315             0             0 
   324    0.00144473    0.00117909             0   0.000196054             0             0             0     6.959e-05             0             0 
   325    0.00357218     0.0127759             0   -0.00942316             0             0             0   0.000219418             0             0 
   326    0.00111998    0.00423751             0   -0.00324595             0             0             0   0.000128424             0             0 
   327    0.00206977    0.00188241             0   0.000220747             0             0             0  -3.33885e-05             0             0 
   328    0.00491686     0.0244855             0    -0.0195394             0             0             0   -2.9284e-05             0             0 
   329    0.00141811     0.0178088             0    -0.0163662             0             0             0  -2.45195e-05             0             0 
   330    0.00223803    0.00234273             0   6.81029e-05             0             0             0  -0.000172804             0             0 
   331    0.00756737     0.0126085             0   -0.00487673             0             0             0  -0.000164361             0             0 
   332    0.00466838     0.0106219             0   -0.00581212             0             0             0  -0.000141425             0             0 
   339  -0.000723848  -0.000585875             0  -0.000137949             0             0             0  -2.45274e-08             0             0 
   340    0.00877696    0.00159643             0    0.00710003             0             0             0   8.05082e-05             0             0 
   341    0.00178558   -0.00372892             0    0.00548531             0             0             0   2.91886e-05             0             0 
   342   4.55904e-05   0.000142997             0  -9.52771e-05             0             0             0  -2.12939e-06             0             0 
   343   -0.00040306     -0.010178             0    0.00970421             0             0             0   7.07431e-05             0             0 
   344    -0.0031207    -0.0112087             0    0.00805348             0             0             0   3.44827e-05             0             0 
   345   0.000609394   0.000609253             0    5.1608e-06             0             0             0  -5.01916e-06             0             0 
   346  -0.000400731   -0.00632773             0    0.00592749             0             0             0  -4.92765e-07             0             0 
   347  -0.000902371   -0.00707374             0    0.00614535             0             0             0   2.60156e-05             0             0 
   348    0.00158308    0.00147964             0   0.000146581             0             0             0  -4.31379e-05             0             0 
   349    0.00343708    0.00894241             0    -0.0053847             0             0             0  -0.000120633             0             0 
   350    0.00140914    0.00316315             0   -0.00174098             0             0             0  -1.30308e-05             0             0 
   351   0.000938133    0.00092042             0   0.000116015             0             0             0  -9.83019e-05             0             0 
   352    0.00192908     0.0123462             0    -0.0102311             0             0             0  -0.000185966             0             0 
   353   0.000382932    0.00786388             0   -0.00741753             0             0             0  -6.34136e-05             0             0 
   354   0.000440542   0.000491701             0     2.042e-05             0             0             0  -7.15793e-05             0             0 
   355     0.0012817    0.00344784             0   -0.00207167             0             0             0  -9.44723e-05             0             0 
   356   0.000567194    0.00253616             0   -0.00191184             0             0             0  -5.71284e-05             0             0 
   411  -0.000260855  -0.000151577             0  -0.000106895             0             0             0  -2.38357e-06             0             0 
   412    0.00169128   -0.00115214             0    0.00289686             0             0             0  -5.34342e-05             0             0 
   413    0.00299104   -0.00205893             0    0.00514681             0             0             0  -9.68427e-05             0             0 
   414  -3.22916e-05   2.89621e-05             0  -6.33219e-05             0             0             0   2.06822e-06             0             0 
   415  -0.000286751   -0.00429522             0    0.00407743             0             0             0  -6.89634e-05             0             0 
   416  -0.000147116   -0.00723907             0    0.00720203             0             0             0  -0.000110076             0             0 
   417  -7.75248e-05  -4.99605e-05             0  -2.48748e-05             0             0             0  -2.68951e-06             0             0 
   418  -0.000706177   -0.00392838             0    0.00330682             0             0             0  -8.46153e-05             0             0 
   419  -0.000146219   -0.00747939             0    0.00747492             0             0             0  -0.000141747             0             0 
   420  -0.000155021  -0.000194345             0   7.25871e-05             0             0             0  -3.32632e-05             0             0 
   421   -0.00169119   6.61908e-05             0    -0.0016509             0             0             0  -0.000106477             0             0 
   422   -0.00120237   -0.00381228             0    0.00279004             0             0             0  -0.000180129             0             0 
   423   0.000905233   0.000950993             0   0.000109843             0             0             0  -0.000155603             0             0 
   424  -0.000456398    0.00696706             0   -0.00717602             0             0             0  -0.000247429             0             0 
   425  -0.000813178    0.00664473             0   -0.00717138             0             0             0  -0.000286533             0             0 
   426    0.00230695    0.00250669             0   3.69258e-05             0             0             0  -0.000236663             0             0 
   427    0.00346792    0.00610585             0   -0.00236185             0             0             0  -0.000276073             0             0 
   428    0.00277695    0.00603326             0   -0.00298453             0             0             0  -0.000271778             0             0 
   435  -0.000246782  -0.000172784             0  -7.02188e-05             0             0             0  -3.77872e-06             0             0 
   436   0.000770074   -0.00140592             0    0.00225866             0             0             0   -8.2671e-05             0             0 
   437   0.000546034   -0.00273834             0    0.00342758             0             0             0  -0.000143198             0             0 
   438   6.34004e-05   0.000109879             0  -5.17231e-05             0             0             0   5.24475e-06             0             0 
   439  -0.000815454   -0.00413274             0     0.0033982             0             0             0  -8.09146e-05             0             0 
   440   -0.00138026   -0.00634204             0    0.00508208             0             0             0  -0.000120295             0             0 
   441  -2.90811e-06   1.56159e-05             0  -1.61323e-05             0             0             0  -2.39173e-06             0             0 
   442  -0.000519375   -0.00312664             0    0.00267972             0             0             0   -7.2455e-05             0             0 
   443  -0.000250962   -0.00460358             0    0.00445486             0             0             0  -0.000102237             0             0 
   444   2.64924e-05     1.098e-05             0   3.80931e-05             0             0             0  -2.25808e-05             0             0 
   445  -8.70407e-05  -0.000195444             0   0.000186998             0             0             0  -7.85943e-05             0             0 
   446   7.02952e-05   -0.00149071             0    0.00166145             0             0             0  -0.000100452             0             0 
   447   0.000192452   0.000204627             0   3.98561e-05             0             0             0  -5.20308e-05             0             0 
   448   7.75749e-05    0.00231381             0   -0.00214029             0             0             0  -9.59458e-05             0             0 
   449  -0.000130294    0.00232852             0   -0.00236223             0             0             0  -9.65822e-05             0             0 
   450   0.000368562   0.000414932             0   8.05839e-06             0             0             0  -5.44288e-05             0             0 
   451   0.000595083    0.00123945             0  -0.000569981             0             0             0  -7.43883e-05             0             0 
   452   0.000314033    0.00115752             0  -0.000778601             0             0             0  -6.48844e-05             0             0 
