#varID         total       dxdbVol      dxdbSurf          dSdb          dndb    dxdbDirect          dVdb      distance       options          dvdb
    27    7.9549e-07   9.49335e-06             0  -8.53547e-06             0             0             0  -1.62387e-07             0             0 
    28    0.00180306   0.000883907             0   0.000905815             0             0             0   1.33346e-05             0             0 
    30   1.22758e-05   1.23386e-05             0  -1.11477e-06             0             0             0     1.052e-06             0             0 
    31   0.000257668  -5.17382e-05             0   0.000291526             0             0             0    1.7881e-05             0             0 
    33   1.65841e-05   7.41231e-07             0   1.32289e-05             0             0             0   2.61391e-06             0             0 
    34   0.000459957    0.00113579             0  -0.000703893             0             0             0   2.80652e-05             0             0 
    36  -6.10597e-05  -0.000122629             0   4.74771e-05             0             0             0   1.40923e-05             0             0 
    37   0.000726749    0.00887091             0   -0.00818705             0             0             0   4.28941e-05             0             0 
    39  -4.84862e-05  -7.79563e-05             0   2.73723e-05             0             0             0   2.09778e-06             0             0 
    40   0.000296261    0.00795559             0    -0.0076714             0             0             0   1.20751e-05             0             0 
    42   0.000298249   0.000267502             0   5.31465e-06             0             0             0   2.54318e-05             0             0 
    43    0.00158789    0.00224174             0  -0.000665585             0             0             0   1.17403e-05             0             0 
    51   -1.3134e-06   3.08778e-05             0  -3.19518e-05             0             0             0  -2.39362e-07             0             0 
    52    0.00657997    0.00330678             0    0.00325854             0             0             0   1.46562e-05             0             0 
    54   6.60613e-06   1.10415e-05             0  -5.05062e-06             0             0             0   6.15294e-07             0             0 
    55   0.000608518  -0.000472109             0    0.00106579             0             0             0   1.48404e-05             0             0 
    57   0.000156469   0.000137003             0   2.40135e-05             0             0             0  -4.54732e-06             0             0 
    58     0.0009306    0.00117975             0  -0.000249934             0             0             0   7.83273e-07             0             0 
    60   0.000263421   0.000194381             0   7.10166e-05             0             0             0  -1.97604e-06             0             0 
    61     0.0020601     0.0110501             0   -0.00898327             0             0             0  -6.74483e-06             0             0 
    63   2.36093e-05   6.69421e-07             0   2.85368e-05             0             0             0  -5.59693e-06             0             0 
    64    0.00015712    0.00711853             0   -0.00695294             0             0             0   -8.4739e-06             0             0 
    66   0.000104788   9.93882e-05             0   2.96708e-06             0             0             0   2.43319e-06             0             0 
    67   0.000277292    0.00115574             0  -0.000886082             0             0             0   7.63248e-06             0             0 
   123   5.00665e-07   1.91933e-05             0  -1.85014e-05             0             0             0  -1.91266e-07             0             0 
   124    0.00378024    0.00180283             0    0.00193578             0             0             0   4.16357e-05             0             0 
   125   0.000168139   9.15407e-05             0    7.3303e-05             0             0             0   3.29532e-06             0             0 
   126   2.17097e-05    1.9761e-05             0  -1.55424e-06             0             0             0   3.50301e-06             0             0 
   127   0.000471809  -0.000349004             0    0.00075786             0             0             0   6.29535e-05             0             0 
   128  -0.000206738  -4.99476e-05             0  -0.000161847             0             0             0   5.05666e-06             0             0 
   129   3.75319e-05  -1.38464e-05             0   3.08895e-05             0             0             0   2.04888e-05             0             0 
   130   0.000593099    0.00167318             0   -0.00120605             0             0             0   0.000125965             0             0 
   131   -0.00107826  -9.90883e-05             0  -0.000989151             0             0             0   9.98326e-06             0             0 
   132  -0.000110899  -0.000307088             0   0.000104904             0             0             0   9.12853e-05             0             0 
   133    0.00206116     0.0181718             0     -0.016356             0             0             0    0.00024541             0             0 
   134   -0.00181944    0.00130428             0   -0.00314121             0             0             0   1.74873e-05             0             0 
   135  -3.28432e-05  -0.000129052             0   5.98179e-05             0             0             0   3.63911e-05             0             0 
   136    0.00212409     0.0179401             0    -0.0159041             0             0             0    8.8123e-05             0             0 
   137  -0.000102724    0.00189047             0   -0.00199785             0             0             0   4.65205e-06             0             0 
   138   0.000995795    0.00100014             0   1.02183e-05             0             0             0  -1.45681e-05             0             0 
   139    0.00505903    0.00660189             0   -0.00151235             0             0             0  -3.05158e-05             0             0 
   140    0.00056634   0.000502533             0    6.8854e-05             0             0             0  -5.04774e-06             0             0 
   147   3.72774e-06   7.04416e-05             0  -6.64879e-05             0             0             0    -2.259e-07             0             0 
   148     0.0132284    0.00643747             0    0.00674756             0             0             0   4.33511e-05             0             0 
   149   0.000560723   0.000323255             0   0.000233451             0             0             0   4.01747e-06             0             0 
   150   1.77971e-05   2.40203e-05             0  -8.62953e-06             0             0             0   2.40627e-06             0             0 
   151   0.000960726   -0.00180398             0    0.00270994             0             0             0   5.47654e-05             0             0 
   152  -0.000619178  -0.000100478             0  -0.000523767             0             0             0   5.06698e-06             0             0 
   153   0.000413145   0.000356873             0   5.60497e-05             0             0             0   2.22128e-07             0             0 
   154    0.00115031    0.00116715             0  -5.22498e-05             0             0             0   3.54098e-05             0             0 
   155   -0.00220398  -0.000133579             0   -0.00207418             0             0             0   3.78323e-06             0             0 
   156   0.000633043   0.000490363             0   0.000149574             0             0             0  -6.89406e-06             0             0 
   157    0.00435272     0.0213946             0     -0.017025             0             0             0  -1.68825e-05             0             0 
   158   -0.00277086    0.00131527             0    -0.0040851             0             0             0  -1.03461e-06             0             0 
   159  -8.10981e-05  -7.16944e-05             0   6.11641e-05             0             0             0  -7.05678e-05             0             0 
   160   0.000777427     0.0147655             0    -0.0138586             0             0             0  -0.000129434             0             0 
   161  -0.000624737    0.00135684             0   -0.00197252             0             0             0  -9.06097e-06             0             0 
   162   0.000238481   0.000271978             0    5.5133e-06             0             0             0  -3.90107e-05             0             0 
   163    0.00106537    0.00292402             0   -0.00180296             0             0             0  -5.56869e-05             0             0 
   164  -0.000129117  -3.61293e-05             0  -8.84373e-05             0             0             0   -4.5501e-06             0             0 
   219  -6.44966e-05  -2.87748e-05             0  -3.65569e-05             0             0             0     8.352e-07             0             0 
   220    0.00469738     0.0019605             0    0.00261443             0             0             0   0.000122443             0             0 
   221    0.00118464   0.000101713             0    0.00103637             0             0             0   4.65625e-05             0             0 
   222    4.8513e-06   5.08894e-06             0  -6.66152e-06             0             0             0   6.42388e-06             0             0 
   223   0.000344798   -0.00144625             0    0.00163441             0             0             0   0.000156639             0             0 
   224  -0.000207928    -0.0013005             0    0.00103577             0             0             0    5.6799e-05             0             0 
   225   0.000197336    0.00012294             0   3.19216e-05             0             0             0   4.24739e-05             0             0 
   226   0.000150521  -0.000353152             0   0.000241826             0             0             0   0.000261847             0             0 
   227  -0.000144221   -0.00131433             0    0.00107037             0             0             0   9.97334e-05             0             0 
   228  -0.000451051  -0.000721168             0   0.000143923             0             0             0   0.000126194             0             0 
   229   0.000406583     0.0161806             0    -0.0161514             0             0             0   0.000377332             0             0 
   230  -7.63343e-05    0.00447628             0    -0.0046873             0             0             0   0.000134687             0             0 
   231  -0.000304578  -0.000460038             0   0.000119089             0             0             0   3.63704e-05             0             0 
   232    0.00323147     0.0229994             0    -0.0198708             0             0             0   0.000102839             0             0 
   233    0.00102001     0.0088995             0   -0.00794198             0             0             0   6.24913e-05             0             0 
   234    0.00261675     0.0026917             0   3.84135e-05             0             0             0  -0.000113367             0             0 
   235     0.0124664     0.0153703             0   -0.00282868             0             0             0  -7.52114e-05             0             0 
   236     0.0028753    0.00520282             0   -0.00231348             0             0             0  -1.40368e-05             0             0 
   243   -0.00012713  -3.71778e-05             0  -9.09709e-05             0             0             0   1.01853e-06             0             0 
   244     0.0142237    0.00654433             0    0.00755956             0             0             0   0.000119818             0             0 
   245    0.00222886   0.000379635             0    0.00178563             0             0             0   6.36033e-05             0             0 
   246  -1.85743e-05  -1.27225e-05             0  -9.36522e-06             0             0             0   3.51342e-06             0             0 
   247    0.00051938   -0.00390362             0    0.00429867             0             0             0   0.000124334             0             0 
   248  -0.000698658   -0.00244227             0    0.00168497             0             0             0   5.86399e-05             0             0 
   249   0.000717315   0.000651175             0   6.03702e-05             0             0             0   5.76937e-06             0             0 
   250   7.39453e-05   -0.00202252             0     0.0020204             0             0             0   7.60598e-05             0             0 
   251  -0.000557783   -0.00207978             0    0.00146836             0             0             0   5.36348e-05             0             0 
   252   0.000544494   0.000414746             0    0.00015826             0             0             0  -2.85114e-05             0             0 
   253    0.00200092     0.0161579             0    -0.0140898             0             0             0  -6.72457e-05             0             0 
   254   0.000293114     0.0036959             0    -0.0034255             0             0             0   2.27111e-05             0             0 
   255  -0.000413443  -0.000395428             0   8.72417e-05             0             0             0  -0.000105257             0             0 
   256    2.4296e-05     0.0146593             0    -0.0144223             0             0             0  -0.000212675             0             0 
   257   0.000337336    0.00514172             0    -0.0047866             0             0             0  -1.77823e-05             0             0 
   258   0.000793676   0.000844281             0   1.45232e-05             0             0             0  -6.51289e-05             0             0 
   259    0.00308372    0.00541049             0   -0.00222716             0             0             0  -9.96146e-05             0             0 
   260   0.000564863    0.00158042             0  -0.000998676             0             0             0  -1.68801e-05             0             0 
   315  -0.000205894  -0.000111444             0  -9.57783e-05             0             0             0   1.32846e-06             0             0 
   316    0.00481483    0.00103727             0    0.00365672             0             0             0   0.000120838             0             0 
   317    0.00465872    -7.004e-05             0    0.00468119             0             0             0    4.7573e-05             0             0 
   318   5.34867e-06   4.64053e-05             0  -4.47999e-05             0             0             0   3.74332e-06             0             0 
   319  -8.40024e-05   -0.00352466             0    0.00331065             0             0             0   0.000130007             0             0 
   320  -0.000623708   -0.00524598             0     0.0045584             0             0             0   6.38646e-05             0             0 
   321   0.000174039   0.000149902             0  -6.60266e-07             0             0             0   2.47971e-05             0             0 
   322  -0.000310052   -0.00381866             0    0.00332039             0             0             0   0.000188223             0             0 
   323  -0.000300984    -0.0063791             0     0.0059362             0             0             0   0.000141912             0             0 
   324  -0.000834087   -0.00107194             0   0.000173783             0             0             0     6.407e-05             0             0 
   325    -0.0023449    0.00701068             0    -0.0095766             0             0             0   0.000221022             0             0 
   326   -0.00250275    0.00120758             0   -0.00389444             0             0             0   0.000184109             0             0 
   327   -0.00132988   -0.00149737             0   0.000201406             0             0             0  -3.39139e-05             0             0 
   328   0.000856868     0.0189113             0    -0.0180307             0             0             0  -2.36696e-05             0             0 
   329  -0.000375943     0.0144339             0     -0.014788             0             0             0  -2.18342e-05             0             0 
   330     0.0027364    0.00287984             0     7.699e-05             0             0             0  -0.000220433             0             0 
   331     0.0153413     0.0200452             0   -0.00451249             0             0             0  -0.000191358             0             0 
   332     0.0092227     0.0148407             0   -0.00544307             0             0             0  -0.000174959             0             0 
   339  -0.000284653  -0.000168024             0  -0.000117241             0             0             0   6.12267e-07             0             0 
   340    0.00969776    0.00330151             0    0.00632072             0             0             0   7.55319e-05             0             0 
   341    0.00489466  -0.000325178             0    0.00519961             0             0             0   2.02234e-05             0             0 
   342  -8.18139e-06   3.64279e-05             0  -4.54588e-05             0             0             0   8.49536e-07             0             0 
   343  -0.000304626    -0.0056098             0    0.00525204             0             0             0    5.3133e-05             0             0 
   344   -0.00166487   -0.00678808             0    0.00510065             0             0             0   2.25569e-05             0             0 
   345   0.000418953   0.000405021             0   1.75347e-05             0             0             0  -3.60296e-06             0             0 
   346  -0.000731864   -0.00517231             0    0.00443583             0             0             0   4.61596e-06             0             0 
   347  -0.000941027    -0.0060276             0    0.00505613             0             0             0   3.04474e-05             0             0 
   348   0.000159922   6.40499e-05             0    0.00013376             0             0             0   -3.7888e-05             0             0 
   349  -0.000349093    0.00557663             0   -0.00581792             0             0             0  -0.000107809             0             0 
   350  -0.000481592    0.00161989             0   -0.00208436             0             0             0  -1.71236e-05             0             0 
   351   -0.00037708  -0.000396647             0   0.000103338             0             0             0  -8.37709e-05             0             0 
   352  -0.000507412    0.00919685             0   -0.00952056             0             0             0  -0.000183708             0             0 
   353  -0.000444139    0.00628727             0   -0.00664787             0             0             0  -8.35365e-05             0             0 
   354   0.000992236    0.00104211             0   2.25807e-05             0             0             0  -7.24551e-05             0             0 
   355    0.00343076    0.00553886             0   -0.00199142             0             0             0  -0.000116674             0             0 
   356    0.00140233    0.00325388             0   -0.00178046             0             0             0  -7.10916e-05             0             0 
   411  -9.15413e-05   7.26879e-06             0   -9.7553e-05             0             0             0  -1.25704e-06             0             0 
   412    0.00286326   0.000187808             0    0.00271541             0             0             0  -3.99552e-05             0             0 
   413    0.00516497   0.000208599             0      0.005031             0             0             0  -7.46312e-05             0             0 
   414   3.33365e-05   7.76665e-05             0  -4.41389e-05             0             0             0  -1.91079e-07             0             0 
   415  -0.000491148   -0.00273861             0    0.00231962             0             0             0  -7.21618e-05             0             0 
   416  -0.000625942   -0.00492798             0    0.00441809             0             0             0  -0.000116048             0             0 
   417   1.16221e-05   4.02602e-05             0  -2.10647e-05             0             0             0  -7.57345e-06             0             0 
   418  -0.000983388   -0.00334353             0    0.00247937             0             0             0   -0.00011923             0             0 
   419  -0.000809812    -0.0066814             0    0.00607855             0             0             0  -0.000206963             0             0 
   420  -0.000752857  -0.000768257             0   6.33109e-05             0             0             0  -4.79118e-05             0             0 
   421   -0.00361316    -0.0013878             0   -0.00204878             0             0             0  -0.000176581             0             0 
   422   -0.00410036   -0.00519994             0    0.00140185             0             0             0  -0.000302268             0             0 
   423    -0.0012938   -0.00121657             0   9.61635e-05             0             0             0  -0.000173391             0             0 
   424   -0.00387276    0.00294145             0   -0.00648853             0             0             0  -0.000325678             0             0 
   425   -0.00378816    0.00328567             0   -0.00663792             0             0             0  -0.000435915             0             0 
   426   0.000751423   0.000952101             0   3.91591e-05             0             0             0  -0.000239837             0             0 
   427    0.00325213    0.00578079             0   -0.00221631             0             0             0  -0.000312357             0             0 
   428     0.0041648     0.0073573             0   -0.00281803             0             0             0  -0.000374474             0             0 
   435  -7.66956e-05  -1.28342e-05             0  -6.21141e-05             0             0             0  -1.74733e-06             0             0 
   436    0.00199108  -8.72359e-05             0    0.00212054             0             0             0  -4.22189e-05             0             0 
   437     0.0027151  -0.000583906             0    0.00337767             0             0             0  -7.86642e-05             0             0 
   438   4.15063e-05   7.51818e-05             0  -3.40664e-05             0             0             0   3.90952e-07             0             0 
   439  -0.000530939   -0.00251198             0    0.00203713             0             0             0  -5.60881e-05             0             0 
   440   -0.00105868   -0.00413121             0    0.00316222             0             0             0  -8.96877e-05             0             0 
   441   2.68815e-05   4.69568e-05             0  -1.22478e-05             0             0             0  -7.82741e-06             0             0 
   442   -0.00050479   -0.00250247             0    0.00208788             0             0             0   -9.0202e-05             0             0 
   443  -0.000657403   -0.00420582             0    0.00368631             0             0             0  -0.000137899             0             0 
   444  -0.000140161  -0.000140433             0   3.40643e-05             0             0             0   -3.3793e-05             0             0 
   445  -0.000740864  -0.000439366             0  -0.000171702             0             0             0  -0.000129796             0             0 
   446   -0.00108451   -0.00197947             0    0.00106462             0             0             0   -0.00016966             0             0 
   447  -0.000224395  -0.000200282             0    3.4336e-05             0             0             0  -5.84492e-05             0             0 
   448  -0.000736914    0.00137618             0   -0.00198232             0             0             0  -0.000130767             0             0 
   449  -0.000927575    0.00134769             0    -0.0021335             0             0             0  -0.000141764             0             0 
   450    0.00024014   0.000282319             0   8.41909e-06             0             0             0  -5.05978e-05             0             0 
   451   0.000622703    0.00126476             0  -0.000557474             0             0             0  -8.45868e-05             0             0 
   452   0.000424973    0.00120708             0  -0.000698987             0             0             0  -8.31227e-05             0             0 
