#varID         total       dxdbVol      dxdbSurf          dSdb          dndb    dxdbDirect          dVdb      distance       options          dvdb
    27  -4.95362e-05  -3.78698e-05             0  -1.18674e-05             0             0             0   2.00926e-07             0             0 
    28    0.00178112   0.000612904             0    0.00117167             0             0             0  -3.45571e-06             0             0 
    30   4.28921e-06   9.86363e-06             0  -7.06598e-06             0             0             0   1.49156e-06             0             0 
    31   0.000449083   -0.00113067             0    0.00155986             0             0             0   1.98997e-05             0             0 
    33   3.34603e-05   7.60938e-06             0   2.27045e-05             0             0             0   3.14638e-06             0             0 
    34    0.00025671    0.00232416             0   -0.00210461             0             0             0   3.71608e-05             0             0 
    36   0.000568792   0.000507266             0   4.53291e-05             0             0             0    1.6197e-05             0             0 
    37    0.00193689     0.0100339             0   -0.00814268             0             0             0   4.57004e-05             0             0 
    39   0.000930019   0.000893311             0   2.72384e-05             0             0             0   9.46947e-06             0             0 
    40    0.00193506    0.00880357             0   -0.00688868             0             0             0   2.01739e-05             0             0 
    42   0.000239997   0.000175356             0   6.38838e-06             0             0             0   5.82531e-05             0             0 
    43    0.00044525     0.0017986             0    -0.0013846             0             0             0   3.12514e-05             0             0 
    51  -0.000158962  -0.000111899             0  -4.71316e-05             0             0             0   6.87434e-08             0             0 
    52    0.00637036    0.00200279             0    0.00437983             0             0             0  -1.22588e-05             0             0 
    54  -9.26104e-06   2.27894e-05             0  -3.31676e-05             0             0             0    1.1172e-06             0             0 
    55    0.00135767   -0.00506533             0    0.00641003             0             0             0   1.29788e-05             0             0 
    57   0.000204312   0.000161198             0   4.74833e-05             0             0             0  -4.36878e-06             0             0 
    58   0.000665208    0.00375883             0   -0.00310422             0             0             0      1.06e-05             0             0 
    60   0.000858888   0.000785361             0   7.26604e-05             0             0             0   8.66176e-07             0             0 
    61    0.00273185     0.0131513             0      -0.01042             0             0             0   4.93417e-07             0             0 
    63   0.000849235   0.000825037             0    2.5999e-05             0             0             0   -1.8012e-06             0             0 
    64    0.00173774    0.00776672             0   -0.00603018             0             0             0   1.19887e-06             0             0 
    66   0.000206839   0.000194528             0   3.66644e-06             0             0             0   8.64524e-06             0             0 
    67   1.31308e-05    0.00113567             0   -0.00114352             0             0             0   2.09728e-05             0             0 
   123   -0.00022584  -0.000198193             0  -2.74023e-05             0             0             0  -2.44723e-07             0             0 
   124     0.0035588    0.00097936             0    0.00258107             0             0             0  -1.63118e-06             0             0 
   125   0.000202639   2.79509e-05             0    0.00017513             0             0             0   -4.4215e-07             0             0 
   126  -8.86361e-06   6.23199e-06             0   -1.8435e-05             0             0             0   3.33945e-06             0             0 
   127    0.00102737   -0.00288811             0    0.00384039             0             0             0    7.5097e-05             0             0 
   128  -0.000112892  -0.000223854             0   0.000105681             0             0             0   5.28064e-06             0             0 
   129   8.48299e-05   6.64957e-06             0   4.59051e-05             0             0             0   3.22753e-05             0             0 
   130    0.00107005    0.00476844             0    -0.0038825             0             0             0   0.000184104             0             0 
   131   -0.00117187   0.000105203             0   -0.00128849             0             0             0   1.14167e-05             0             0 
   132   0.000970116   0.000727576             0   9.24199e-05             0             0             0   0.000150119             0             0 
   133    0.00573595     0.0214926             0    -0.0161269             0             0             0   0.000370308             0             0 
   134   -0.00153122    0.00173049             0    -0.0032853             0             0             0    2.3592e-05             0             0 
   135   0.000164377   2.30202e-05             0   5.33774e-05             0             0             0   8.79797e-05             0             0 
   136    0.00265361     0.0161052             0    -0.0136208             0             0             0    0.00016921             0             0 
   137  -0.000149948    0.00195049             0   -0.00211177             0             0             0   1.13321e-05             0             0 
   138   -0.00109581   -0.00118517             0   1.03263e-05             0             0             0   7.90317e-05             0             0 
   139   -0.00187543    0.00080058             0   -0.00270847             0             0             0   3.24592e-05             0             0 
   140   0.000474965   0.000870042             0  -0.000399784             0             0             0   4.70739e-06             0             0 
   147  -0.000737359  -0.000630779             0  -0.000105419             0             0             0  -1.16077e-06             0             0 
   148     0.0121479    0.00284812             0     0.0093158             0             0             0  -1.60062e-05             0             0 
   149   0.000660975   4.53119e-05             0   0.000616693             0             0             0     -1.03e-06             0             0 
   150  -4.69968e-05   3.28236e-05             0  -8.16015e-05             0             0             0   1.78108e-06             0             0 
   151    0.00290463    -0.0121481             0     0.0149931             0             0             0   5.96504e-05             0             0 
   152  -0.000193229  -0.000777214             0   0.000579063             0             0             0   4.92171e-06             0             0 
   153   0.000457016   0.000359971             0   9.25895e-05             0             0             0   4.45506e-06             0             0 
   154    0.00241256    0.00742468             0   -0.00508303             0             0             0   7.09174e-05             0             0 
   155   -0.00242193   0.000222914             0   -0.00264996             0             0             0    5.1131e-06             0             0 
   156    0.00148169    0.00135307             0   0.000140375             0             0             0  -1.17463e-05             0             0 
   157    0.00727829     0.0270658             0    -0.0197532             0             0             0  -3.43135e-05             0             0 
   158   -0.00247322    0.00201634             0   -0.00448718             0             0             0  -2.38047e-06             0             0 
   159   0.000345319   0.000404284             0    5.2121e-05             0             0             0  -0.000111086             0             0 
   160    0.00220404     0.0140736             0    -0.0116593             0             0             0  -0.000210302             0             0 
   161  -0.000399643    0.00157433             0   -0.00195819             0             0             0   -1.5782e-05             0             0 
   162  -0.000560138  -0.000529663             0   5.49986e-06             0             0             0  -3.59748e-05             0             0 
   163   -0.00142773   0.000696475             0   -0.00207296             0             0             0  -5.12402e-05             0             0 
   164  -0.000156918   0.000100105             0  -0.000254141             0             0             0  -2.88189e-06             0             0 
   219  -0.000544572  -0.000492908             0   -5.1333e-05             0             0             0  -3.30751e-07             0             0 
   220    0.00406158   0.000458983             0    0.00351629             0             0             0   8.63121e-05             0             0 
   221   0.000335555  -0.000960549             0     0.0012455             0             0             0   5.06082e-05             0             0 
   222  -7.60876e-06   3.47456e-05             0   -3.9869e-05             0             0             0  -2.48539e-06             0             0 
   223       0.00087    -0.0052305             0    0.00588709             0             0             0   0.000213405             0             0 
   224  -0.000296603   -0.00274068             0    0.00237354             0             0             0   7.05417e-05             0             0 
   225    0.00027636   0.000177093             0   4.31202e-05             0             0             0   5.61463e-05             0             0 
   226   0.000925194    0.00258783             0   -0.00202239             0             0             0   0.000359753             0             0 
   227  -0.000173217  -0.000962105             0   0.000698548             0             0             0     9.034e-05             0             0 
   228    0.00144347    0.00112939             0   0.000141429             0             0             0   0.000172648             0             0 
   229    0.00566805     0.0221657             0    -0.0169676             0             0             0    0.00046994             0             0 
   230    0.00093598    0.00631406             0   -0.00547373             0             0             0   9.56577e-05             0             0 
   231   0.000436671   0.000263955             0   0.000112417             0             0             0   6.02988e-05             0             0 
   232    0.00321952     0.0215077             0    -0.0184089             0             0             0   0.000120685             0             0 
   233   0.000955818    0.00830794             0   -0.00738659             0             0             0   3.44677e-05             0             0 
   234   -0.00124124   -0.00129312             0   3.01658e-05             0             0             0    2.1713e-05             0             0 
   235   -0.00115759    0.00200742             0   -0.00315688             0             0             0  -8.12253e-06             0             0 
   236   9.43458e-05    0.00182348             0   -0.00172818             0             0             0  -9.52458e-07             0             0 
   243   -0.00156259   -0.00142211             0  -0.000138665             0             0             0  -1.82086e-06             0             0 
   244     0.0125857    0.00199156             0     0.0105134             0             0             0   8.06824e-05             0             0 
   245   0.000595908   -0.00173163             0    0.00224996             0             0             0   7.75745e-05             0             0 
   246   7.34813e-06   0.000128092             0  -0.000113199             0             0             0  -7.54535e-06             0             0 
   247    0.00203386    -0.0161704             0     0.0180317             0             0             0   0.000172509             0             0 
   248   -0.00128867   -0.00539688             0    0.00402548             0             0             0   8.27385e-05             0             0 
   249   0.000820866   0.000736815             0   7.95772e-05             0             0             0   4.47427e-06             0             0 
   250    0.00125831    0.00266886             0   -0.00152968             0             0             0   0.000119132             0             0 
   251   -0.00107653   -0.00199579             0   0.000860957             0             0             0   5.83044e-05             0             0 
   252    0.00186089    0.00175857             0   0.000154921             0             0             0   -5.2601e-05             0             0 
   253    0.00573452     0.0230781             0    -0.0172116             0             0             0  -0.000132005             0             0 
   254    0.00101167    0.00570659             0   -0.00470725             0             0             0   1.23174e-05             0             0 
   255   0.000269654   0.000357601             0   8.15526e-05             0             0             0    -0.0001695             0             0 
   256    0.00148936     0.0149371             0    -0.0131121             0             0             0  -0.000335672             0             0 
   257   0.000783987    0.00538955             0   -0.00458026             0             0             0  -2.53065e-05             0             0 
   258  -0.000696352  -0.000648109             0   1.16654e-05             0             0             0  -5.99079e-05             0             0 
   259   -0.00126646    0.00100122             0   -0.00216933             0             0             0  -9.83426e-05             0             0 
   260  -0.000131231   0.000600553             0  -0.000720098             0             0             0  -1.16855e-05             0             0 
   315  -0.000849608  -0.000727876             0  -0.000122106             0             0             0   3.73353e-07             0             0 
   316    0.00282079   -0.00185868             0    0.00458509             0             0             0   9.43789e-05             0             0 
   317    0.00128368   -0.00403157             0    0.00527933             0             0             0   3.59151e-05             0             0 
   318  -4.51095e-05   6.23628e-05             0  -0.000101634             0             0             0  -5.83867e-06             0             0 
   319   0.000567849   -0.00826999             0    0.00867621             0             0             0   0.000161627             0             0 
   320   0.000128559    -0.0103567             0     0.0104157             0             0             0   6.95739e-05             0             0 
   321   0.000139787   0.000102066             0   1.25888e-05             0             0             0   2.51319e-05             0             0 
   322    0.00049169   -0.00272516             0    0.00299941             0             0             0   0.000217438             0             0 
   323   0.000886766   -0.00578467             0    0.00655319             0             0             0   0.000118256             0             0 
   324    0.00135458    0.00108007             0   0.000209943             0             0             0   6.45721e-05             0             0 
   325    0.00285646     0.0136297             0     -0.010982             0             0             0   0.000208758             0             0 
   326    0.00133403    0.00629308             0   -0.00508783             0             0             0   0.000128784             0             0 
   327    0.00241725    0.00225545             0   0.000213911             0             0             0  -5.21108e-05             0             0 
   328    0.00501399     0.0239827             0    -0.0189105             0             0             0  -5.82663e-05             0             0 
   329    0.00215882      0.018409             0    -0.0162061             0             0             0  -4.41125e-05             0             0 
   330    0.00189721    0.00199038             0   5.98514e-05             0             0             0  -0.000153021             0             0 
   331    0.00560418    0.00992893             0   -0.00413854             0             0             0  -0.000186218             0             0 
   332     0.0033891    0.00866632             0    -0.0051359             0             0             0  -0.000141326             0             0 
   339   -0.00146689   -0.00130031             0   -0.00016414             0             0             0  -2.43842e-06             0             0 
   340    0.00667418   -0.00168804             0    0.00832323             0             0             0   3.89855e-05             0             0 
   341  -3.63725e-05   -0.00578116             0    0.00573843             0             0             0   6.35075e-06             0             0 
   342   0.000136291   0.000293265             0  -0.000152291             0             0             0  -4.68298e-06             0             0 
   343   0.000314382    -0.0149424             0     0.0151947             0             0             0   6.20731e-05             0             0 
   344   -0.00219254    -0.0135537             0     0.0113321             0             0             0   2.90284e-05             0             0 
   345   0.000366657   0.000344833             0   2.61149e-05             0             0             0   -4.2907e-06             0             0 
   346  -0.000321694   -0.00427222             0    0.00393221             0             0             0    1.8308e-05             0             0 
   347  -0.000334251   -0.00580184             0    0.00543204             0             0             0   3.55582e-05             0             0 
   348     0.0012323    0.00110744             0   0.000160135             0             0             0  -3.52746e-05             0             0 
   349    0.00226327     0.0101911             0   -0.00783581             0             0             0  -9.20331e-05             0             0 
   350    0.00117156    0.00478265             0   -0.00360817             0             0             0  -2.91436e-06             0             0 
   351   0.000962087    0.00093858             0   0.000111398             0             0             0  -8.78912e-05             0             0 
   352    0.00183374     0.0118367             0   -0.00983299             0             0             0  -0.000169952             0             0 
   353   0.000585213    0.00800791             0   -0.00736654             0             0             0  -5.61572e-05             0             0 
   354   0.000342443    0.00038387             0   1.81439e-05             0             0             0  -5.95707e-05             0             0 
   355   0.000945201    0.00287049             0   -0.00183484             0             0             0  -9.04577e-05             0             0 
   356   0.000370302    0.00209051             0   -0.00167207             0             0             0   -4.8133e-05             0             0 
   411  -0.000447926  -0.000327604             0    -0.0001161             0             0             0  -4.22259e-06             0             0 
   412    0.00135151    -0.0017577             0    0.00316773             0             0             0   -5.8526e-05             0             0 
   413    0.00252403   -0.00291687             0     0.0055351             0             0             0   -9.4197e-05             0             0 
   414  -0.000103407  -2.51376e-05             0  -8.15433e-05             0             0             0   3.27394e-06             0             0 
   415    0.00013276   -0.00575425             0    0.00595725             0             0             0  -7.02392e-05             0             0 
   416   0.000642135   -0.00945742             0      0.010211             0             0             0  -0.000111491             0             0 
   417  -0.000116994  -0.000100398             0  -1.46003e-05             0             0             0  -1.99593e-06             0             0 
   418  -0.000530341   -0.00361665             0    0.00317208             0             0             0  -8.57629e-05             0             0 
   419   0.000200327   -0.00692222             0    0.00727101             0             0             0  -0.000148464             0             0 
   420   7.95743e-05   2.92501e-05             0    8.6349e-05             0             0             0  -3.60248e-05             0             0 
   421   -0.00124922    0.00113262             0   -0.00226982             0             0             0  -0.000112013             0             0 
   422  -0.000540056   -0.00217954             0    0.00182054             0             0             0  -0.000181058             0             0 
   423    0.00130596    0.00135813             0   0.000113131             0             0             0    -0.0001653             0             0 
   424   0.000597865    0.00831354             0   -0.00743747             0             0             0   -0.00027821             0             0 
   425   0.000560622    0.00860625             0   -0.00776858             0             0             0  -0.000277053             0             0 
   426     0.0020807    0.00227821             0   3.28466e-05             0             0             0  -0.000230357             0             0 
   427    0.00313691    0.00564604             0   -0.00219399             0             0             0  -0.000315136             0             0 
   428    0.00241999    0.00557301             0   -0.00290102             0             0             0  -0.000252001             0             0 
   435  -0.000441876  -0.000356568             0  -7.87388e-05             0             0             0  -6.56916e-06             0             0 
   436   0.000177869   -0.00222119             0       0.00247             0             0             0  -7.09445e-05             0             0 
   437   -0.00011272     -0.003581             0    0.00358539             0             0             0  -0.000117113             0             0 
   438   6.54807e-05   0.000127163             0  -6.92245e-05             0             0             0   7.54195e-06             0             0 
   439  -0.000419554   -0.00527257             0    0.00492669             0             0             0  -7.36653e-05             0             0 
   440  -0.000718182   -0.00785862             0    0.00724965             0             0             0  -0.000109214             0             0 
   441  -2.39719e-05  -1.34979e-05             0  -8.29873e-06             0             0             0   -2.1753e-06             0             0 
   442   -0.00027662   -0.00275894             0    0.00255902             0             0             0  -7.66991e-05             0             0 
   443   0.000131081   -0.00413481             0    0.00437858             0             0             0  -0.000112698             0             0 
   444   9.06621e-05   6.82803e-05             0   4.74401e-05             0             0             0  -2.50583e-05             0             0 
   445  -3.65199e-05   0.000372809             0  -0.000323296             0             0             0  -8.60324e-05             0             0 
   446   0.000129099  -0.000688766             0   0.000924491             0             0             0  -0.000106626             0             0 
   447   0.000303499    0.00031551             0   4.12103e-05             0             0             0  -5.32212e-05             0             0 
   448   0.000320032    0.00266869             0   -0.00224753             0             0             0  -0.000101128             0             0 
   449   0.000116581    0.00283598             0   -0.00262871             0             0             0  -9.06903e-05             0             0 
   450   0.000339508   0.000382408             0   7.11686e-06             0             0             0  -5.00177e-05             0             0 
   451   0.000549492    0.00115969             0  -0.000533083             0             0             0  -7.71166e-05             0             0 
   452   0.000265333    0.00107867             0  -0.000757776             0             0             0   -5.5559e-05             0             0 
