#varID         total       dxdbVol      dxdbSurf          dSdb          dndb    dxdbDirect          dVdb      distance       options          dvdb
    27  -1.25558e-06   7.93182e-06             0  -9.11553e-06             0             0             0  -7.18701e-08             0             0 
    28    0.00183697   0.000890273             0   0.000937948             0             0             0   8.74572e-06             0             0 
    30   1.09349e-05   1.25077e-05             0  -2.38887e-06             0             0             0    8.1602e-07             0             0 
    31   0.000348897  -0.000224815             0   0.000559202             0             0             0   1.45101e-05             0             0 
    33   7.85486e-05   6.30721e-05             0   1.35626e-05             0             0             0   1.91391e-06             0             0 
    34   0.000778469    0.00133907             0  -0.000584361             0             0             0   2.37653e-05             0             0 
    36   0.000676099   0.000609579             0    4.9471e-05             0             0             0   1.70483e-05             0             0 
    37    0.00235724     0.0106059             0   -0.00829368             0             0             0    4.5056e-05             0             0 
    39   0.000577563   0.000535024             0   2.93716e-05             0             0             0   1.31676e-05             0             0 
    40   0.000982476    0.00893582             0   -0.00797619             0             0             0   2.28431e-05             0             0 
    42  -0.000504219  -0.000554266             0   5.18578e-06             0             0             0    4.4861e-05             0             0 
    43   -0.00117433   -7.7702e-05             0   -0.00111905             0             0             0   2.24287e-05             0             0 
    51   9.82953e-07   3.56625e-05             0  -3.45672e-05             0             0             0  -1.12311e-07             0             0 
    52     0.0067306    0.00332329             0     0.0033991             0             0             0   8.21805e-06             0             0 
    54   2.38102e-07   1.03318e-05             0  -1.05168e-05             0             0             0   4.23104e-07             0             0 
    55   0.000943088    -0.0011941             0    0.00212638             0             0             0   1.08141e-05             0             0 
    57   0.000241297   0.000221356             0   2.44848e-05             0             0             0  -4.54351e-06             0             0 
    58    0.00159304    0.00146213             0   0.000131501             0             0             0  -5.84945e-07             0             0 
    60   0.000980896   0.000908205             0   7.33531e-05             0             0             0  -6.62142e-07             0             0 
    61    0.00381561     0.0128084             0   -0.00898873             0             0             0  -4.10473e-06             0             0 
    63   0.000715683    0.00069005             0   3.02827e-05             0             0             0  -4.64949e-06             0             0 
    64    0.00131055    0.00848069             0   -0.00716174             0             0             0  -8.39856e-06             0             0 
    66   -0.00011219  -0.000119763             0   3.02413e-06             0             0             0    4.5491e-06             0             0 
    67  -0.000611152   0.000450394             0   -0.00106862             0             0             0   7.06994e-06             0             0 
   123  -1.28873e-05   7.17044e-06             0  -2.00452e-05             0             0             0   -1.2547e-08             0             0 
   124    0.00385048    0.00179545             0     0.0020211             0             0             0   3.39315e-05             0             0 
   125   0.000185298   9.56888e-05             0    8.6541e-05             0             0             0   3.06775e-06             0             0 
   126    2.0203e-05   2.19642e-05             0   -4.9096e-06             0             0             0    3.1484e-06             0             0 
   127   0.000693887  -0.000751219             0    0.00138059             0             0             0   6.45125e-05             0             0 
   128  -0.000177806   -7.1164e-05             0  -0.000112314             0             0             0   5.67231e-06             0             0 
   129   0.000164485   0.000106764             0   3.13509e-05             0             0             0   2.63705e-05             0             0 
   130    0.00128203     0.0020574             0  -0.000925791             0             0             0   0.000150423             0             0 
   131   -0.00111334  -0.000121165             0   -0.00100493             0             0             0   1.27552e-05             0             0 
   132    0.00137818    0.00112479             0   0.000110029             0             0             0   0.000143358             0             0 
   133    0.00606897     0.0223229             0     -0.016604             0             0             0   0.000350007             0             0 
   134   -0.00189476    0.00134177             0   -0.00326213             0             0             0   2.55936e-05             0             0 
   135   0.000390863   0.000247516             0   6.31477e-05             0             0             0   8.01989e-05             0             0 
   136    0.00268046     0.0188724             0    -0.0163399             0             0             0   0.000147926             0             0 
   137  -0.000410315    0.00172746             0   -0.00214727             0             0             0   9.49949e-06             0             0 
   138   -0.00155022   -0.00158518             0    8.4559e-06             0             0             0   2.65081e-05             0             0 
   139   -0.00235338  -4.42995e-05             0    -0.0022922             0             0             0  -1.68726e-05             0             0 
   140   8.59645e-05   0.000243116             0  -0.000156758             0             0             0  -3.93368e-07             0             0 
   147  -2.29912e-05   5.01575e-05             0  -7.31344e-05             0             0             0   -1.4294e-08             0             0 
   148      0.013499    0.00636855             0    0.00709713             0             0             0   3.32937e-05             0             0 
   149   0.000626272   0.000341274             0   0.000281172             0             0             0   3.82578e-06             0             0 
   150   1.26327e-05   3.28463e-05             0  -2.22995e-05             0             0             0   2.08589e-06             0             0 
   151    0.00172605   -0.00341196             0    0.00508162             0             0             0   5.63908e-05             0             0 
   152  -0.000496207  -0.000171372             0  -0.000330731             0             0             0   5.89586e-06             0             0 
   153   0.000617296   0.000557456             0   5.62821e-05             0             0             0   3.55885e-06             0             0 
   154    0.00256997    0.00172798             0   0.000792272             0             0             0   4.97217e-05             0             0 
   155   -0.00223675  -0.000159749             0   -0.00208256             0             0             0      5.56e-06             0             0 
   156    0.00204225    0.00189475             0   0.000155207             0             0             0  -7.71129e-06             0             0 
   157    0.00839099     0.0254775             0    -0.0170681             0             0             0  -1.84712e-05             0             0 
   158   -0.00290818    0.00132846             0    -0.0042354             0             0             0  -1.24566e-06             0             0 
   159   0.000697466   0.000743951             0   6.49912e-05             0             0             0  -0.000111476             0             0 
   160    0.00242381     0.0168363             0    -0.0142122             0             0             0  -0.000200246             0             0 
   161  -0.000812177    0.00126797             0   -0.00206606             0             0             0  -1.40888e-05             0             0 
   162  -0.000746373  -0.000697902             0   4.94569e-06             0             0             0  -5.34162e-05             0             0 
   163   -0.00166491    0.00047096             0   -0.00205317             0             0             0  -8.27003e-05             0             0 
   164  -0.000440104  -0.000271276             0  -0.000163278             0             0             0  -5.54984e-06             0             0 
   219  -0.000111352  -7.29938e-05             0  -3.93702e-05             0             0             0   1.01234e-06             0             0 
   220    0.00471562    0.00183169             0    0.00274969             0             0             0   0.000134235             0             0 
   221   0.000977531  -0.000163959             0     0.0010792             0             0             0   6.22875e-05             0             0 
   222   6.43213e-06   1.50513e-05             0   -1.3499e-05             0             0             0   4.87989e-06             0             0 
   223   0.000567426   -0.00211913             0    0.00249928             0             0             0   0.000187278             0             0 
   224  -0.000316001   -0.00171768             0    0.00133217             0             0             0   6.95146e-05             0             0 
   225   0.000386584   0.000306211             0   2.96419e-05             0             0             0   5.07305e-05             0             0 
   226   0.000930129  -0.000143078             0   0.000759409             0             0             0   0.000313798             0             0 
   227  -0.000122252   -0.00148373             0    0.00126385             0             0             0    9.7627e-05             0             0 
   228    0.00120303   0.000885815             0   0.000151978             0             0             0   0.000165234             0             0 
   229    0.00489345     0.0207897             0    -0.0163619             0             0             0   0.000465632             0             0 
   230   0.000626486    0.00530453             0   -0.00479885             0             0             0   0.000120801             0             0 
   231   0.000387888   0.000217718             0   0.000124563             0             0             0   4.56062e-05             0             0 
   232    0.00370841     0.0242853             0    -0.0206854             0             0             0   0.000108457             0             0 
   233    0.00103937    0.00928666             0   -0.00828823             0             0             0   4.09355e-05             0             0 
   234   0.000161333   0.000167041             0   3.42598e-05             0             0             0  -3.99683e-05             0             0 
   235     0.0035793    0.00700422             0   -0.00336891             0             0             0  -5.60145e-05             0             0 
   236    0.00120012    0.00352314             0   -0.00231401             0             0             0  -9.01622e-06             0             0 
   243  -0.000253903  -0.000155603             0  -9.94986e-05             0             0             0   1.19882e-06             0             0 
   244     0.0144854    0.00634911             0    0.00799976             0             0             0   0.000136566             0             0 
   245    0.00192471  -5.44138e-05             0    0.00188988             0             0             0   8.92383e-05             0             0 
   246  -1.39428e-05    1.3874e-05             0  -2.92851e-05             0             0             0   1.46827e-06             0             0 
   247    0.00122817   -0.00590479             0    0.00697705             0             0             0   0.000155911             0             0 
   248   -0.00104004    -0.0033135             0    0.00219438             0             0             0   7.90823e-05             0             0 
   249      0.001053   0.000990937             0    5.5407e-05             0             0             0   6.65406e-06             0             0 
   250    0.00137511   -0.00184458             0    0.00312784             0             0             0   9.18546e-05             0             0 
   251  -0.000737251   -0.00249725             0    0.00170553             0             0             0   5.44733e-05             0             0 
   252     0.0019862     0.0018668             0   0.000164119             0             0             0   -4.4721e-05             0             0 
   253    0.00597603     0.0200206             0     -0.013935             0             0             0  -0.000109583             0             0 
   254   0.000839865    0.00430419             0   -0.00347628             0             0             0   1.19559e-05             0             0 
   255   0.000265574   0.000328287             0   9.30278e-05             0             0             0  -0.000155741             0             0 
   256    0.00143966     0.0167207             0    -0.0149826             0             0             0  -0.000298453             0             0 
   257   0.000606231    0.00566451             0   -0.00503401             0             0             0  -2.42622e-05             0             0 
   258  -0.000215429  -0.000161673             0   1.32054e-05             0             0             0  -6.69613e-05             0             0 
   259   0.000137316    0.00262191             0   -0.00237789             0             0             0  -0.000106704             0             0 
   260   9.61312e-05    0.00109842             0  -0.000989929             0             0             0  -1.23647e-05             0             0 
   315  -0.000296627  -0.000196572             0  -0.000101548             0             0             0   1.49266e-06             0             0 
   316    0.00434848   0.000405891             0    0.00381023             0             0             0   0.000132355             0             0 
   317    0.00358174   -0.00124902             0    0.00476987             0             0             0   6.08774e-05             0             0 
   318   -6.8196e-07   5.54882e-05             0  -5.79799e-05             0             0             0    1.8097e-06             0             0 
   319  -2.80949e-05   -0.00464147             0    0.00446569             0             0             0   0.000147688             0             0 
   320  -0.000711921   -0.00663879             0    0.00585752             0             0             0   6.93519e-05             0             0 
   321   0.000267664    0.00024928             0  -6.07956e-06             0             0             0   2.44628e-05             0             0 
   322   0.000240552   -0.00407731             0    0.00412556             0             0             0   0.000192298             0             0 
   323   0.000188314   -0.00673269             0    0.00680333             0             0             0   0.000117677             0             0 
   324   0.000555559   0.000310765             0   0.000184995             0             0             0   5.97989e-05             0             0 
   325    0.00122993     0.0103637             0    -0.0093433             0             0             0   0.000209572             0             0 
   326  -8.48827e-05    0.00309486             0   -0.00332408             0             0             0    0.00014434             0             0 
   327    0.00111861   0.000950806             0   0.000213642             0             0             0  -4.58423e-05             0             0 
   328    0.00336093     0.0224176             0     -0.019027             0             0             0  -2.96389e-05             0             0 
   329    0.00140022     0.0171391             0    -0.0157001             0             0             0  -3.87579e-05             0             0 
   330     0.0029188    0.00298784             0   7.32552e-05             0             0             0  -0.000142294             0             0 
   331    0.00974558     0.0146807             0   -0.00480229             0             0             0   -0.00013284             0             0 
   332    0.00629498     0.0121573             0   -0.00572416             0             0             0  -0.000138131             0             0 
   339  -0.000445903  -0.000319878             0  -0.000126535             0             0             0   5.09979e-07             0             0 
   340    0.00933428    0.00261625             0    0.00663714             0             0             0   8.08828e-05             0             0 
   341    0.00356779   -0.00178695             0    0.00532726             0             0             0   2.74728e-05             0             0 
   342   2.11001e-06   7.08436e-05             0  -6.83989e-05             0             0             0  -3.34713e-07             0             0 
   343  -0.000272211    -0.0076132             0    0.00727928             0             0             0   6.17084e-05             0             0 
   344   -0.00232433   -0.00882543             0     0.0064722             0             0             0   2.89015e-05             0             0 
   345   0.000543785   0.000539385             0   8.77222e-06             0             0             0  -4.37208e-06             0             0 
   346  -0.000308227    -0.0057891             0    0.00548014             0             0             0   7.28897e-07             0             0 
   347  -0.000833424   -0.00662804             0    0.00576739             0             0             0   2.72263e-05             0             0 
   348   0.000978352   0.000877942             0     0.0001396             0             0             0  -3.91895e-05             0             0 
   349    0.00194044    0.00738093             0   -0.00532928             0             0             0  -0.000111217             0             0 
   350   0.000713871     0.0024081             0   -0.00168079             0             0             0  -1.34405e-05             0             0 
   351   0.000450945     0.0004167             0   0.000111103             0             0             0  -7.68583e-05             0             0 
   352   0.000925485     0.0110735             0    -0.0099888             0             0             0  -0.000159169             0             0 
   353   0.000213207    0.00735408             0   -0.00708224             0             0             0  -5.86326e-05             0             0 
   354   0.000702304    0.00072343             0   2.16726e-05             0             0             0   -4.2799e-05             0             0 
   355    0.00191751    0.00405164             0   -0.00206367             0             0             0  -7.04595e-05             0             0 
   356   0.000841816    0.00276957             0   -0.00188692             0             0             0  -4.08301e-05             0             0 
   411  -0.000155408  -5.17782e-05             0  -0.000101948             0             0             0  -1.68209e-06             0             0 
   412    0.00238551  -0.000352932             0     0.0027904             0             0             0  -5.19548e-05             0             0 
   413    0.00420445  -0.000761178             0     0.0050603             0             0             0  -9.46778e-05             0             0 
   414   6.12195e-06   5.88146e-05             0  -5.32779e-05             0             0             0   5.85212e-07             0             0 
   415  -0.000392542   -0.00345148             0    0.00313656             0             0             0  -7.76227e-05             0             0 
   416  -0.000421171    -0.0060174             0    0.00571777             0             0             0  -0.000121546             0             0 
   417  -1.51974e-05    1.4438e-05             0   -2.4147e-05             0             0             0  -5.48838e-06             0             0 
   418  -0.000787559   -0.00364602             0    0.00296483             0             0             0  -0.000106372             0             0 
   419  -0.000405024   -0.00712612             0    0.00689871             0             0             0  -0.000177614             0             0 
   420   -0.00030595   -0.00033543             0   6.72558e-05             0             0             0  -3.77762e-05             0             0 
   421   -0.00224935  -0.000354517             0   -0.00176891             0             0             0  -0.000125917             0             0 
   422   -0.00210533   -0.00416086             0    0.00227832             0             0             0  -0.000222789             0             0 
   423   0.000329833   0.000371819             0   0.000103796             0             0             0  -0.000145782             0             0 
   424   -0.00124086    0.00587907             0   -0.00688659             0             0             0  -0.000233343             0             0 
   425    -0.0011691     0.0060328             0   -0.00688275             0             0             0  -0.000319146             0             0 
   426    0.00186763    0.00202129             0   3.85458e-05             0             0             0   -0.00019221             0             0 
   427    0.00334936    0.00591324             0    -0.0023399             0             0             0  -0.000223978             0             0 
   428    0.00361388    0.00680224             0   -0.00291186             0             0             0  -0.000276507             0             0 
   435  -0.000138482  -7.00274e-05             0   -6.5881e-05             0             0             0   -2.5737e-06             0             0 
   436    0.00146538   -0.00064547             0    0.00217579             0             0             0  -6.49465e-05             0             0 
   437    0.00173686   -0.00153835             0    0.00339058             0             0             0  -0.000115371             0             0 
   438   4.70547e-05   8.70429e-05             0   -4.2391e-05             0             0             0   2.40289e-06             0             0 
   439  -0.000667446   -0.00326422             0    0.00266499             0             0             0  -6.82095e-05             0             0 
   440   -0.00122435   -0.00517166             0    0.00405247             0             0             0  -0.000105163             0             0 
   441   1.71296e-05   3.71034e-05             0  -1.50924e-05             0             0             0  -4.88139e-06             0             0 
   442  -0.000487229   -0.00284501             0    0.00243577             0             0             0  -7.79948e-05             0             0 
   443  -0.000442382   -0.00446627             0    0.00413847             0             0             0  -0.000114582             0             0 
   444  -1.43749e-05  -2.41839e-05             0   3.54719e-05             0             0             0  -2.56629e-05             0             0 
   445  -0.000277756  -0.000259249             0   7.72041e-05             0             0             0  -9.57113e-05             0             0 
   446  -0.000360368   -0.00171307             0    0.00147631             0             0             0   -0.00012361             0             0 
   447   6.28246e-05   6.73156e-05             0   3.73538e-05             0             0             0  -4.18447e-05             0             0 
   448  -0.000145924    0.00201049             0   -0.00206854             0             0             0   -8.7867e-05             0             0 
   449  -0.000326121    0.00200112             0   -0.00223142             0             0             0   -9.5828e-05             0             0 
   450   0.000307598   0.000330626             0   8.35013e-06             0             0             0  -3.13777e-05             0             0 
   451   0.000545642    0.00116935             0   -0.00057359             0             0             0  -5.01188e-05             0             0 
   452   0.000361786    0.00115515             0  -0.000743348             0             0             0  -5.00129e-05             0             0 
