#varID         total       dxdbVol      dxdbSurf          dSdb          dndb    dxdbDirect          dVdb      distance       options          dvdb
    27   2.78955e-06   1.12766e-05             0   -8.2656e-06             0             0             0  -2.21503e-07             0             0 
    28    0.00178802    0.00087734             0   0.000894705             0             0             0   1.59702e-05             0             0 
    30   1.16313e-05   1.09758e-05             0  -4.58446e-07             0             0             0   1.11391e-06             0             0 
    31   0.000208155   3.21536e-05             0   0.000157322             0             0             0   1.86795e-05             0             0 
    33  -2.64175e-05  -4.18606e-05             0   1.33134e-05             0             0             0   2.12972e-06             0             0 
    34   0.000259624    0.00105644             0  -0.000823193             0             0             0   2.63717e-05             0             0 
    36  -0.000496862  -0.000552448             0   4.60639e-05             0             0             0   9.52191e-06             0             0 
    37  -0.000307845    0.00775302             0   -0.00809482             0             0             0    3.3954e-05             0             0 
    39  -0.000354015  -0.000373012             0   2.60351e-05             0             0             0  -7.03818e-06             0             0 
    40  -6.92943e-05    0.00733528             0   -0.00740732             0             0             0   2.74816e-06             0             0 
    42    0.00102416   0.000992283             0   5.66779e-06             0             0             0    2.6208e-05             0             0 
    43    0.00392198    0.00431294             0  -0.000402954             0             0             0   1.19974e-05             0             0 
    51   3.66091e-06   3.47199e-05             0  -3.07346e-05             0             0             0  -3.24444e-07             0             0 
    52    0.00650125    0.00327453             0     0.0032084             0             0             0   1.83292e-05             0             0 
    54   5.39759e-06   7.05741e-06             0  -2.32096e-06             0             0             0    6.6114e-07             0             0 
    55   0.000424126  -0.000135639             0   0.000543803             0             0             0   1.59614e-05             0             0 
    57   8.65914e-05   6.70345e-05             0    2.4457e-05             0             0             0  -4.90004e-06             0             0 
    58   0.000518662    0.00110011             0  -0.000581352             0             0             0  -9.83013e-08             0             0 
    60  -0.000180792  -0.000248267             0   6.95196e-05             0             0             0  -2.04377e-06             0             0 
    61   0.000910672    0.00992463             0   -0.00900767             0             0             0  -6.27946e-06             0             0 
    63  -0.000360595  -0.000383064             0   2.72511e-05             0             0             0  -4.78123e-06             0             0 
    64  -0.000558876    0.00619967             0   -0.00675521             0             0             0  -3.32965e-06             0             0 
    66   0.000343311   0.000337706             0   3.00664e-06             0             0             0   2.59821e-06             0             0 
    67    0.00105323    0.00181858             0  -0.000776496             0             0             0   1.11413e-05             0             0 
   123    6.6465e-06   2.47421e-05             0  -1.77811e-05             0             0             0  -3.14527e-07             0             0 
   124     0.0037543    0.00180492             0    0.00190319             0             0             0   4.61926e-05             0             0 
   125   0.000159733   8.87645e-05             0     6.761e-05             0             0             0   3.35902e-06             0             0 
   126    1.9497e-05   1.58151e-05             0   1.23502e-07             0             0             0   3.55846e-06             0             0 
   127   0.000360235  -0.000149489             0   0.000448667             0             0             0   6.10578e-05             0             0 
   128  -0.000223919  -4.25546e-05             0   -0.00018599             0             0             0   4.62481e-06             0             0 
   129  -3.69062e-05  -8.40951e-05             0   3.11047e-05             0             0             0   1.60841e-05             0             0 
   130   0.000207596     0.0015687             0   -0.00146834             0             0             0   0.000107236             0             0 
   131   -0.00106633  -8.39148e-05             0  -0.000990512             0             0             0   8.09447e-06             0             0 
   132  -0.000937204   -0.00109689             0   0.000101014             0             0             0   5.86765e-05             0             0 
   133  -0.000265467     0.0157034             0    -0.0161439             0             0             0      0.000175             0             0 
   134   -0.00178691    0.00127901             0    -0.0030781             0             0             0    1.2173e-05             0             0 
   135  -0.000385281  -0.000450191             0   5.70822e-05             0             0             0   7.82783e-06             0             0 
   136    0.00143153     0.0168032             0    -0.0154168             0             0             0   4.51031e-05             0             0 
   137   8.93503e-05    0.00206022             0    -0.0019723             0             0             0   1.42771e-06             0             0 
   138    0.00265672    0.00264723             0   1.17832e-05             0             0             0  -2.29179e-06             0             0 
   139      0.010006     0.0109917             0  -0.000972466             0             0             0  -1.32965e-05             0             0 
   140     0.0010537    0.00100444             0   5.31828e-05             0             0             0  -3.91769e-06             0             0 
   147    2.0368e-05   8.41532e-05             0  -6.33932e-05             0             0             0  -3.92085e-07             0             0 
   148     0.0131157    0.00645426             0    0.00661211             0             0             0   4.93547e-05             0             0 
   149   0.000528916   0.000311676             0   0.000213209             0             0             0   4.03039e-06             0             0 
   150   1.06935e-05   1.02052e-05             0  -1.93814e-06             0             0             0   2.42648e-06             0             0 
   151   0.000571771   -0.00103045             0    0.00154931             0             0             0   5.29125e-05             0             0 
   152  -0.000688355  -7.67715e-05             0  -0.000616082             0             0             0   4.49837e-06             0             0 
   153   0.000278544   0.000223663             0   5.71342e-05             0             0             0  -2.25336e-06             0             0 
   154   0.000347512    0.00107116             0  -0.000748847             0             0             0   2.52032e-05             0             0 
   155   -0.00220327  -0.000114637             0   -0.00209121             0             0             0    2.5692e-06             0             0 
   156  -0.000158538  -0.000298553             0    0.00014558             0             0             0  -5.56557e-06             0             0 
   157    0.00196069     0.0190295             0    -0.0170546             0             0             0  -1.42091e-05             0             0 
   158   -0.00268967    0.00132081             0   -0.00400944             0             0             0  -1.04733e-06             0             0 
   159  -0.000618759  -0.000633946             0   5.80462e-05             0             0             0  -4.28596e-05             0             0 
   160  -0.000494387     0.0130493             0    -0.0134684             0             0             0  -7.52728e-05             0             0 
   161  -0.000496119      0.001444             0   -0.00193438             0             0             0  -5.74422e-06             0             0 
   162    0.00086648   0.000880864             0   5.94593e-06             0             0             0  -2.03302e-05             0             0 
   163    0.00282899    0.00444508             0    -0.0015957             0             0             0  -2.03952e-05             0             0 
   164   0.000127809   0.000216466             0  -8.59645e-05             0             0             0  -2.69252e-06             0             0 
   219  -4.90539e-05  -1.44818e-05             0  -3.52023e-05             0             0             0   6.30135e-07             0             0 
   220     0.0047123    0.00204221             0    0.00255807             0             0             0    0.00011202             0             0 
   221    0.00127971    0.00022873             0    0.00101696             0             0             0   3.40208e-05             0             0 
   222   1.79813e-07  -3.14302e-06             0   -3.2675e-06             0             0             0   6.59033e-06             0             0 
   223   0.000257568   -0.00108392             0    0.00120538             0             0             0   0.000136109             0             0 
   224  -0.000148631   -0.00108177             0   0.000886972             0             0             0   4.61715e-05             0             0 
   225   9.67311e-05    2.7449e-05             0   3.36941e-05             0             0             0    3.5588e-05             0             0 
   226  -0.000166394  -0.000241611             0   -0.00014626             0             0             0   0.000221476             0             0 
   227  -0.000154183   -0.00118069             0   0.000934093             0             0             0   9.24138e-05             0             0 
   228   -0.00122847   -0.00146374             0   0.000138502             0             0             0   9.67597e-05             0             0 
   229    -0.0018548       0.01381             0    -0.0159686             0             0             0   0.000303797             0             0 
   230  -0.000460214    0.00405205             0   -0.00464069             0             0             0   0.000128427             0             0 
   231  -0.000757597  -0.000904366             0   0.000114504             0             0             0   3.22654e-05             0             0 
   232    0.00222428      0.021205             0    -0.0190711             0             0             0   9.03124e-05             0             0 
   233   0.000887759    0.00852499             0    -0.0077047             0             0             0   6.74749e-05             0             0 
   234    0.00385902    0.00390864             0   4.07242e-05             0             0             0  -9.03456e-05             0             0 
   235     0.0166807       0.01905             0   -0.00232547             0             0             0  -4.38547e-05             0             0 
   236    0.00369903    0.00605622             0    -0.0023515             0             0             0  -5.68676e-06             0             0 
   243   -8.4209e-05   1.99571e-06             0  -8.69474e-05             0             0             0   7.42691e-07             0             0 
   244     0.0141834    0.00669894             0    0.00737803             0             0             0   0.000106406             0             0 
   245    0.00236132   0.000577069             0    0.00173867             0             0             0   4.55819e-05             0             0 
   246  -2.96337e-05    -3.387e-05             0   3.50153e-07             0             0             0   3.88617e-06             0             0 
   247   0.000224796   -0.00286412             0    0.00298501             0             0             0   0.000103906             0             0 
   248  -0.000537096   -0.00201576             0     0.0014341             0             0             0   4.45582e-05             0             0 
   249   0.000521858   0.000453488             0   6.41279e-05             0             0             0   4.24223e-06             0             0 
   250  -0.000490156   -0.00177222             0    0.00121977             0             0             0   6.22871e-05             0             0 
   251  -0.000481985    -0.0018244             0    0.00129359             0             0             0   4.88218e-05             0             0 
   252  -0.000170305  -0.000306361             0   0.000154366             0             0             0  -1.83104e-05             0             0 
   253  -4.18194e-05     0.0142349             0    -0.0142351             0             0             0  -4.16829e-05             0             0 
   254  -2.24035e-05    0.00339534             0   -0.00344371             0             0             0   2.59673e-05             0             0 
   255  -0.000860999  -0.000875963             0   8.28746e-05             0             0             0    -6.791e-05             0             0 
   256   -0.00114564     0.0128882             0    -0.0138906             0             0             0  -0.000143216             0             0 
   257   0.000126647    0.00476131             0   -0.00462269             0             0             0  -1.19661e-05             0             0 
   258    0.00127206    0.00130274             0   1.51808e-05             0             0             0  -4.58602e-05             0             0 
   259     0.0044771    0.00655979             0   -0.00201485             0             0             0  -6.78356e-05             0             0 
   260   0.000812281    0.00183518             0    -0.0010078             0             0             0  -1.50992e-05             0             0 
   315  -0.000173004  -8.12762e-05             0  -9.28746e-05             0             0             0   1.14652e-06             0             0 
   316    0.00506189    0.00136555             0    0.00358988             0             0             0   0.000106463             0             0 
   317    0.00519392   0.000518796             0    0.00464443             0             0             0   3.06989e-05             0             0 
   318  -2.39779e-06   3.14964e-05             0  -3.81309e-05             0             0             0   4.23669e-06             0             0 
   319  -6.22556e-05   -0.00290849             0    0.00273307             0             0             0    0.00011317             0             0 
   320  -0.000493387   -0.00444442             0    0.00389917             0             0             0   5.18693e-05             0             0 
   321   0.000109345   8.33308e-05             0   2.96751e-06             0             0             0   2.30468e-05             0             0 
   322  -0.000507769   -0.00349759             0    0.00281842             0             0             0   0.000171401             0             0 
   323  -0.000483708   -0.00603638             0    0.00541453             0             0             0   0.000138136             0             0 
   324   -0.00133701   -0.00156391             0    0.00016757             0             0             0   5.93342e-05             0             0 
   325   -0.00384656    0.00562051             0   -0.00967337             0             0             0   0.000206305             0             0 
   326   -0.00340367   0.000635561             0   -0.00422326             0             0             0    0.00018403             0             0 
   327   -0.00195164   -0.00212219             0   0.000193365             0             0             0  -2.28123e-05             0             0 
   328  -0.000394835     0.0167896             0    -0.0171693             0             0             0  -1.51448e-05             0             0 
   329   -0.00101194     0.0131514             0    -0.0141502             0             0             0   -1.3218e-05             0             0 
   330    0.00302019    0.00314806             0   7.90598e-05             0             0             0  -0.000206924             0             0 
   331     0.0174809     0.0218195             0   -0.00416087             0             0             0  -0.000177684             0             0 
   332     0.0103308     0.0157268             0   -0.00522654             0             0             0  -0.000169418             0             0 
   339  -0.000227928  -0.000115788             0  -0.000112705             0             0             0   5.65769e-07             0             0 
   340    0.00993603    0.00368033             0     0.0061872             0             0             0   6.84995e-05             0             0 
   341    0.00550774   0.000354599             0    0.00514066             0             0             0   1.24755e-05             0             0 
   342  -2.10608e-05   1.17526e-05             0  -3.40614e-05             0             0             0   1.24796e-06             0             0 
   343  -0.000252983   -0.00454943             0    0.00424997             0             0             0   4.64751e-05             0             0 
   344   -0.00129268   -0.00571865             0    0.00440921             0             0             0    1.6761e-05             0             0 
   345   0.000321751   0.000301565             0   2.31016e-05             0             0             0  -2.91605e-06             0             0 
   346   -0.00083723   -0.00462536             0    0.00378107             0             0             0   7.06701e-06             0             0 
   347  -0.000923105    -0.0055734             0     0.0046205             0             0             0   2.98001e-05             0             0 
   348  -0.000217091  -0.000315315             0    0.00013078             0             0             0  -3.25563e-05             0             0 
   349   -0.00138688    0.00483391             0   -0.00612783             0             0             0  -9.29587e-05             0             0 
   350  -0.000984294    0.00139435             0   -0.00236247             0             0             0   -1.6172e-05             0             0 
   351  -0.000708156  -0.000732342             0    9.8381e-05             0             0             0  -7.41952e-05             0             0 
   352   -0.00132795    0.00795933             0   -0.00911733             0             0             0  -0.000169948             0             0 
   353  -0.000743223    0.00571635             0   -0.00637404             0             0             0  -8.55382e-05             0             0 
   354    0.00113045     0.0011781             0   2.29739e-05             0             0             0  -7.06218e-05             0             0 
   355    0.00398018    0.00594209             0   -0.00184525             0             0             0   -0.00011666             0             0 
   356    0.00163356     0.0034138             0   -0.00170444             0             0             0  -7.58034e-05             0             0 
   411  -6.50057e-05   3.13989e-05             0  -9.52884e-05             0             0             0  -1.11623e-06             0             0 
   412    0.00311163   0.000460209             0    0.00268228             0             0             0  -3.08615e-05             0             0 
   413    0.00570004   0.000730138             0    0.00502841             0             0             0  -5.85137e-05             0             0 
   414   3.00287e-05   7.01041e-05             0  -3.94403e-05             0             0             0  -6.35149e-07             0             0 
   415  -0.000501828   -0.00234412             0    0.00190803             0             0             0  -6.57372e-05             0             0 
   416  -0.000610236   -0.00426131             0    0.00375612             0             0             0   -0.00010504             0             0 
   417   6.40633e-06   3.37691e-05             0  -1.90168e-05             0             0             0  -8.34599e-06             0             0 
   418   -0.00110046   -0.00317749             0    0.00219539             0             0             0  -0.000118356             0             0 
   419  -0.000993904   -0.00639112             0    0.00560176             0             0             0  -0.000204553             0             0 
   420  -0.000855356  -0.000868248             0     6.135e-05             0             0             0   -4.8459e-05             0             0 
   421   -0.00408821    -0.0017066             0   -0.00219646             0             0             0  -0.000185153             0             0 
   422   -0.00473571   -0.00535957             0   0.000934727             0             0             0  -0.000310863             0             0 
   423    -0.0015363   -0.00145642             0   9.16573e-05             0             0             0  -0.000171534             0             0 
   424   -0.00463292    0.00187842             0   -0.00617556             0             0             0  -0.000335776             0             0 
   425   -0.00453343    0.00230876             0    -0.0063927             0             0             0  -0.000449494             0             0 
   426   0.000683465   0.000884017             0   3.94364e-05             0             0             0  -0.000239988             0             0 
   427    0.00336791    0.00577186             0    -0.0020858             0             0             0  -0.000318154             0             0 
   428    0.00444659    0.00751973             0   -0.00268665             0             0             0   -0.00038649             0             0 
   435   -5.1184e-05   1.03904e-05             0  -6.02033e-05             0             0             0   -1.3711e-06             0             0 
   436    0.00224887   0.000176257             0    0.00209777             0             0             0  -2.51508e-05             0             0 
   437    0.00319897  -0.000127524             0    0.00337648             0             0             0   -4.9981e-05             0             0 
   438   3.22995e-05   6.25221e-05             0  -2.98398e-05             0             0             0  -3.82829e-07             0             0 
   439  -0.000445073   -0.00212395             0     0.0017233             0             0             0  -4.44287e-05             0             0 
   440  -0.000918966   -0.00355862             0    0.00271213             0             0             0  -7.24732e-05             0             0 
   441   2.02546e-05   3.93505e-05             0  -1.04408e-05             0             0             0  -8.65518e-06             0             0 
   442  -0.000502555   -0.00230249             0    0.00188734             0             0             0  -8.74054e-05             0             0 
   443  -0.000713171   -0.00400247             0     0.0034247             0             0             0  -0.000135404             0             0 
   444  -0.000186072  -0.000185352             0   3.34966e-05             0             0             0  -3.42173e-05             0             0 
   445  -0.000927348   -0.00047956             0    -0.0003142             0             0             0  -0.000133588             0             0 
   446   -0.00134093   -0.00199172             0   0.000826026             0             0             0  -0.000175232             0             0 
   447  -0.000289474  -0.000263274             0   3.25775e-05             0             0             0  -5.87772e-05             0             0 
   448  -0.000962814     0.0010761             0   -0.00190263             0             0             0  -0.000136287             0             0 
   449   -0.00113268    0.00107905             0   -0.00206272             0             0             0  -0.000149017             0             0 
   450   0.000246977   0.000290941             0   8.41156e-06             0             0             0  -5.23748e-05             0             0 
   451   0.000643403    0.00125413             0  -0.000521268             0             0             0  -8.94633e-05             0             0 
   452   0.000461484    0.00121253             0  -0.000661489             0             0             0   -8.9558e-05             0             0 
