#varID         total       dxdbVol      dxdbSurf          dSdb          dndb    dxdbDirect          dVdb      distance       options          dvdb
    27  -1.86206e-05  -7.84347e-06             0  -1.09465e-05             0             0             0   1.69378e-07             0             0 
    28    0.00184537   0.000759991             0    0.00108894             0             0             0  -3.55786e-06             0             0 
    30   4.18904e-06   8.85629e-06             0  -5.53852e-06             0             0             0   8.71276e-07             0             0 
    31   0.000453927  -0.000808336             0    0.00125248             0             0             0   9.78118e-06             0             0 
    33   8.26569e-05   6.38344e-05             0   1.89501e-05             0             0             0  -1.27597e-07             0             0 
    34   0.000743798    0.00212529             0   -0.00139813             0             0             0   1.66319e-05             0             0 
    36     0.0010288   0.000969127             0   4.80002e-05             0             0             0   1.16688e-05             0             0 
    37    0.00294425     0.0111481             0   -0.00823139             0             0             0   2.75708e-05             0             0 
    39    0.00112198     0.0010762             0   2.90274e-05             0             0             0   1.67501e-05             0             0 
    40    0.00173342    0.00918109             0   -0.00747136             0             0             0   2.36966e-05             0             0 
    42  -0.000451887  -0.000523093             0   6.02019e-06             0             0             0   6.51861e-05             0             0 
    43   -0.00160645   -0.00016312             0    -0.0014799             0             0             0   3.65761e-05             0             0 
    51  -3.52914e-05   7.43708e-06             0  -4.28761e-05             0             0             0   1.47554e-07             0             0 
    52     0.0067123    0.00268639             0    0.00403683             0             0             0  -1.09177e-05             0             0 
    54  -2.23527e-05   2.60846e-06             0  -2.55268e-05             0             0             0   5.65629e-07             0             0 
    55     0.0013355   -0.00372362             0    0.00505619             0             0             0   2.91797e-06             0             0 
    57   0.000228998   0.000196315             0   3.78876e-05             0             0             0  -5.20522e-06             0             0 
    58    0.00161707    0.00315392             0   -0.00153535             0             0             0  -1.49751e-06             0             0 
    60    0.00125509    0.00117842             0   7.40694e-05             0             0             0   2.60267e-06             0             0 
    61    0.00405963     0.0138506             0   -0.00979509             0             0             0    4.1133e-06             0             0 
    63    0.00120421    0.00117218             0   2.86076e-05             0             0             0   3.42272e-06             0             0 
    64    0.00214972    0.00871143             0   -0.00657092             0             0             0   9.21226e-06             0             0 
    66   8.13166e-06  -5.77765e-06             0   3.49317e-06             0             0             0   1.04161e-05             0             0 
    67  -0.000639038   0.000531665             0   -0.00118905             0             0             0   1.83426e-05             0             0 
   123    -0.0001119  -8.69733e-05             0  -2.49416e-05             0             0             0   1.48164e-08             0             0 
   124    0.00382634    0.00143013             0    0.00239043             0             0             0   5.78579e-06             0             0 
   125   0.000210474   6.76214e-05             0   0.000142205             0             0             0   6.47256e-07             0             0 
   126  -1.81818e-06    9.2321e-06             0  -1.39293e-05             0             0             0   2.87904e-06             0             0 
   127   0.000976159   -0.00215406             0    0.00306443             0             0             0   6.57846e-05             0             0 
   128  -0.000140226  -0.000177106             0   3.13325e-05             0             0             0   5.54757e-06             0             0 
   129   0.000183492    0.00011125             0   4.02581e-05             0             0             0   3.19845e-05             0             0 
   130    0.00160036    0.00394318             0   -0.00251828             0             0             0   0.000175462             0             0 
   131   -0.00116391  -9.35752e-06             0   -0.00116789             0             0             0   1.33426e-05             0             0 
   132    0.00199216    0.00170617             0    0.00010257             0             0             0   0.000183416             0             0 
   133    0.00825573     0.0242584             0    -0.0164282             0             0             0   0.000425547             0             0 
   134   -0.00159109    0.00167424             0    -0.0032953             0             0             0   2.99704e-05             0             0 
   135   0.000363279   0.000188316             0   5.90124e-05             0             0             0   0.000115951             0             0 
   136    0.00276122     0.0174456             0    -0.0148856             0             0             0   0.000201196             0             0 
   137  -0.000367442    0.00178527             0   -0.00216701             0             0             0   1.42993e-05             0             0 
   138   -0.00251586    -0.0025883             0   9.01501e-06             0             0             0   6.34342e-05             0             0 
   139   -0.00564563    -0.0026904             0   -0.00296609             0             0             0   1.08557e-05             0             0 
   140  -0.000110778   0.000268795             0  -0.000382452             0             0             0   2.87903e-06             0             0 
   147  -0.000314391  -0.000219542             0  -9.44401e-05             0             0             0   -4.0906e-07             0             0 
   148     0.0132961    0.00472848             0    0.00857241             0             0             0  -4.83442e-06             0             0 
   149   0.000710012    0.00021916             0   0.000490268             0             0             0   5.83812e-07             0             0 
   150   -4.7321e-05   1.27039e-05             0  -6.15991e-05             0             0             0   1.57423e-06             0             0 
   151    0.00270568   -0.00916392             0     0.0118158             0             0             0   5.37952e-05             0             0 
   152  -0.000306945  -0.000574475             0   0.000261968             0             0             0   5.56224e-06             0             0 
   153   0.000592941   0.000508819             0   7.80169e-05             0             0             0   6.10497e-06             0             0 
   154    0.00334131    0.00550436             0    -0.0022306             0             0             0    6.7554e-05             0             0 
   155   -0.00238712    3.8185e-06             0   -0.00239716             0             0             0   6.21596e-06             0             0 
   156    0.00246533      0.002324             0   0.000149922             0             0             0  -8.59206e-06             0             0 
   157     0.0100161     0.0287155             0    -0.0186752             0             0             0  -2.41719e-05             0             0 
   158   -0.00258682     0.0018226             0   -0.00440718             0             0             0  -2.24077e-06             0             0 
   159   0.000834418   0.000914413             0   5.93392e-05             0             0             0  -0.000139334             0             0 
   160    0.00306297     0.0161227             0    -0.0128089             0             0             0  -0.000250814             0             0 
   161  -0.000542841    0.00149451             0   -0.00201827             0             0             0   -1.9085e-05             0             0 
   162   -0.00112025   -0.00106896             0   5.08566e-06             0             0             0    -5.637e-05             0             0 
   163   -0.00288636  -0.000601495             0   -0.00220374             0             0             0  -8.11208e-05             0             0 
   164  -0.000478163  -0.000222299             0  -0.000250729             0             0             0  -5.13533e-06             0             0 
   219  -0.000357556  -0.000310248             0  -4.75925e-05             0             0             0   2.85032e-07             0             0 
   220    0.00452815    0.00114275             0    0.00327225             0             0             0   0.000113149             0             0 
   221   0.000476887  -0.000794334             0    0.00120801             0             0             0   6.32157e-05             0             0 
   222  -5.48408e-06   2.67149e-05             0  -3.14344e-05             0             0             0  -7.64598e-07             0             0 
   223   0.000758855   -0.00429484             0    0.00483024             0             0             0   0.000223456             0             0 
   224  -0.000432901   -0.00258563             0    0.00207427             0             0             0   7.84577e-05             0             0 
   225   0.000433291   0.000336388             0   3.66942e-05             0             0             0   6.02089e-05             0             0 
   226    0.00128665    0.00153516             0  -0.000627555             0             0             0   0.000379042             0             0 
   227  -0.000206476   -0.00130223             0   0.000999676             0             0             0   9.60756e-05             0             0 
   228    0.00216239    0.00180597             0   0.000150126             0             0             0   0.000206293             0             0 
   229    0.00781697      0.024115             0     -0.016843             0             0             0   0.000544947             0             0 
   230    0.00111985     0.0062672             0   -0.00525533             0             0             0    0.00010799             0             0 
   231   0.000324722    0.00013256             0   0.000119957             0             0             0   7.22051e-05             0             0 
   232     0.0036063     0.0231443             0    -0.0196735             0             0             0   0.000135433             0             0 
   233    0.00091515    0.00870351             0   -0.00782992             0             0             0   4.15568e-05             0             0 
   234   -0.00196501   -0.00198878             0   3.00562e-05             0             0             0  -6.28002e-06             0             0 
   235   -0.00247133    0.00115276             0    -0.0035875             0             0             0  -3.65876e-05             0             0 
   236   -5.8263e-05    0.00186535             0   -0.00192117             0             0             0  -2.44501e-06             0             0 
   243  -0.000955027  -0.000828679             0  -0.000125912             0             0             0  -4.36192e-07             0             0 
   244     0.0142314    0.00440143             0    0.00971767             0             0             0   0.000112343             0             0 
   245    0.00100663   -0.00127142             0    0.00218272             0             0             0   9.53254e-05             0             0 
   246   -1.6891e-05   7.42712e-05             0  -8.54701e-05             0             0             0  -5.69209e-06             0             0 
   247    0.00182121    -0.0128907             0     0.0145261             0             0             0   0.000185782             0             0 
   248   -0.00152847   -0.00513154             0    0.00350987             0             0             0   9.31962e-05             0             0 
   249     0.0011136    0.00103935             0   6.79773e-05             0             0             0   6.28138e-06             0             0 
   250    0.00182011   0.000792977             0   0.000907217             0             0             0   0.000119917             0             0 
   251    -0.0011972   -0.00253986             0    0.00128373             0             0             0   5.89283e-05             0             0 
   252    0.00270222    0.00260123             0   0.000162347             0             0             0  -6.13552e-05             0             0 
   253    0.00804321     0.0240308             0     -0.015835             0             0             0  -0.000152549             0             0 
   254    0.00124432      0.005491             0   -0.00425474             0             0             0    8.0523e-06             0             0 
   255     0.0003966   0.000518391             0   8.90642e-05             0             0             0  -0.000210855             0             0 
   256    0.00201382     0.0165227             0    -0.0141105             0             0             0  -0.000398412             0             0 
   257   0.000878277    0.00574644             0   -0.00483748             0             0             0  -3.06852e-05             0             0 
   258   -0.00101447  -0.000944339             0   1.17212e-05             0             0             0  -8.18562e-05             0             0 
   259   -0.00194637   0.000539237             0   -0.00236342             0             0             0  -0.000122184             0             0 
   260  -0.000247932   0.000569684             0  -0.000803363             0             0             0   -1.4253e-05             0             0 
   315  -0.000666875  -0.000551466             0  -0.000116273             0             0             0   8.63721e-07             0             0 
   316    0.00323725    -0.0012392             0    0.00435732             0             0             0   0.000119134             0             0 
   317    0.00151211   -0.00367283             0    0.00513175             0             0             0    5.3189e-05             0             0 
   318  -2.25045e-05   7.08654e-05             0   -8.9151e-05             0             0             0  -4.21896e-06             0             0 
   319   0.000202541   -0.00739413             0    0.00742327             0             0             0     0.0001734             0             0 
   320  -0.000444742   -0.00960364             0    0.00908138             0             0             0   7.75233e-05             0             0 
   321   0.000240489   0.000213106             0   1.82568e-06             0             0             0   2.55569e-05             0             0 
   322   0.000585252   -0.00348769             0    0.00385245             0             0             0   0.000220487             0             0 
   323   0.000769492   -0.00637738             0    0.00703035             0             0             0   0.000116518             0             0 
   324    0.00148884    0.00121495             0   0.000204796             0             0             0   6.90885e-05             0             0 
   325     0.0035126     0.0134868             0    -0.0101941             0             0             0   0.000219838             0             0 
   326    0.00141239    0.00538768             0   -0.00410735             0             0             0   0.000132063             0             0 
   327    0.00223559    0.00205959             0   0.000219306             0             0             0   -4.3304e-05             0             0 
   328    0.00490356     0.0243573             0    -0.0194109             0             0             0   -4.2868e-05             0             0 
   329    0.00191019     0.0183936             0     -0.016449             0             0             0  -3.44355e-05             0             0 
   330    0.00194018    0.00204076             0   6.33075e-05             0             0             0   -0.00016389             0             0 
   331    0.00618117       0.01094             0   -0.00458122             0             0             0  -0.000177566             0             0 
   332     0.0038757    0.00953752             0   -0.00551899             0             0             0  -0.000142831             0             0 
   339     -0.001084  -0.000930146             0  -0.000152695             0             0             0  -1.15525e-06             0             0 
   340    0.00795731   8.42732e-05             0    0.00781311             0             0             0   5.99251e-05             0             0 
   341   0.000649578   -0.00505246             0    0.00568453             0             0             0   1.75032e-05             0             0 
   342   0.000103202   0.000233902             0  -0.000126876             0             0             0  -3.82376e-06             0             0 
   343   -0.00015189    -0.0129812             0     0.0127611             0             0             0   6.81944e-05             0             0 
   344   -0.00286716    -0.0128231             0    0.00992323             0             0             0   3.27239e-05             0             0 
   345   0.000518251   0.000508594             0   1.43833e-05             0             0             0  -4.72595e-06             0             0 
   346  -0.000294373   -0.00537187             0     0.0050676             0             0             0   9.89243e-06             0             0 
   347  -0.000643579   -0.00653499             0    0.00585947             0             0             0   3.19422e-05             0             0 
   348    0.00149454    0.00138003             0   0.000154379             0             0             0  -3.98694e-05             0             0 
   349    0.00312677    0.00980015             0   -0.00656653             0             0             0  -0.000106851             0             0 
   350    0.00138567    0.00403769             0   -0.00264485             0             0             0  -7.17032e-06             0             0 
   351   0.000959364   0.000940975             0   0.000114952             0             0             0  -9.65627e-05             0             0 
   352    0.00187215     0.0121806             0    -0.0101255             0             0             0   -0.00018302             0             0 
   353   0.000522154    0.00804743             0   -0.00746421             0             0             0  -6.10628e-05             0             0 
   354   0.000362814    0.00041177             0   1.91221e-05             0             0             0  -6.80777e-05             0             0 
   355   0.000973801    0.00305243             0   -0.00198277             0             0             0  -9.58558e-05             0             0 
   356   0.000438844     0.0022972             0   -0.00180455             0             0             0  -5.38069e-05             0             0 
   411  -0.000374941  -0.000259208             0  -0.000112343             0             0             0  -3.38925e-06             0             0 
   412    0.00141559   -0.00158833             0    0.00306145             0             0             0  -5.75309e-05             0             0 
   413    0.00254345   -0.00271901             0     0.0053607             0             0             0  -9.82375e-05             0             0 
   414  -6.83271e-05   2.59235e-06             0  -7.38371e-05             0             0             0   2.91769e-06             0             0 
   415  -0.000122219   -0.00519768             0    0.00514596             0             0             0   -7.0494e-05             0             0 
   416   0.000182285   -0.00860799             0    0.00890289             0             0             0  -0.000112608             0             0 
   417  -9.72663e-05  -7.48806e-05             0  -2.02726e-05             0             0             0  -2.11304e-06             0             0 
   418  -0.000574235   -0.00379692             0    0.00330828             0             0             0  -8.55895e-05             0             0 
   419   0.000103118   -0.00723286             0    0.00748248             0             0             0  -0.000146498             0             0 
   420  -7.15608e-06  -5.17707e-05             0   7.99821e-05             0             0             0  -3.53675e-05             0             0 
   421    -0.0013642    0.00066163             0   -0.00191529             0             0             0  -0.000110538             0             0 
   422  -0.000710327   -0.00296142             0    0.00243441             0             0             0  -0.000183318             0             0 
   423    0.00118072    0.00123178             0   0.000112742             0             0             0  -0.000163803             0             0 
   424   0.000216109    0.00785804             0   -0.00737547             0             0             0   -0.00026646             0             0 
   425    9.2414e-05    0.00792094             0    -0.0075426             0             0             0  -0.000285928             0             0 
   426    0.00220612    0.00240768             0   3.48003e-05             0             0             0  -0.000236354             0             0 
   427    0.00330611    0.00591238             0   -0.00230783             0             0             0  -0.000298444             0             0 
   428    0.00262102    0.00586974             0   -0.00298523             0             0             0  -0.000263495             0             0 
   435  -0.000360479  -0.000279997             0  -7.51929e-05             0             0             0  -5.28875e-06             0             0 
   436   0.000391994   -0.00191839             0    0.00238982             0             0             0  -7.94319e-05             0             0 
   437    2.1957e-05    -0.0033699             0    0.00352643             0             0             0  -0.000134569             0             0 
   438   7.23245e-05   0.000127054             0  -6.17739e-05             0             0             0   7.04431e-06             0             0 
   439  -0.000668253   -0.00485214             0    0.00426349             0             0             0   -7.9602e-05             0             0 
   440   -0.00113025   -0.00731405             0    0.00630175             0             0             0  -0.000117952             0             0 
   441  -1.03537e-05   4.33478e-06             0  -1.27542e-05             0             0             0   -1.9343e-06             0             0 
   442  -0.000380102   -0.00297515             0    0.00267072             0             0             0   -7.5669e-05             0             0 
   443  -1.79854e-05   -0.00438047             0    0.00447197             0             0             0  -0.000109479             0             0 
   444   7.16879e-05   5.31395e-05             0   4.29283e-05             0             0             0  -2.43799e-05             0             0 
   445  -1.23119e-05   0.000100044             0  -2.87246e-05             0             0             0  -8.36314e-05             0             0 
   446   0.000167915   -0.00107666             0    0.00135032             0             0             0  -0.000105743             0             0 
   447   0.000268761    0.00028246             0   4.10381e-05             0             0             0  -5.47374e-05             0             0 
   448   0.000227791    0.00254053             0   -0.00221129             0             0             0  -0.000101446             0             0 
   449   3.85773e-05    0.00265635             0   -0.00252185             0             0             0  -9.59143e-05             0             0 
   450   0.000360687   0.000407094             0   7.57884e-06             0             0             0  -5.39851e-05             0             0 
   451   0.000561143    0.00119745             0  -0.000558334             0             0             0  -7.79718e-05             0             0 
   452   0.000293601    0.00113516             0  -0.000780405             0             0             0  -6.11521e-05             0             0 
