#    J           JCycle      
1    0.136823    0.137032    
2    0.135209    0.135241    
3    0.132953    0.132958    
4    0.130176    0.130177    
5    0.127347    0.127348    
6    0.124516    0.12453     
7    0.123732    0.122531    
8    0.121852    0.121877    
9    0.120586    0.120587    
10   0.11997     0.119966    
11   0.117206    0.117587    
12   0.117471    0.117538    
13   0.117988    0.117833    
14   0.117925    0.117754    
15   0.117669    0.117625    
16   0.117338    0.11738     
17   0.116777    0.116956    
18   0.116553    0.116684    
19   0.116631    0.116569    
20   0.116778    0.116574    
