       #varID adjointSensitivity
           27  -4.02082e-07
           28    0.00181168
           30    1.1691e-05
           31   0.000294338
           33   4.12277e-05
           34   0.000602168
           36   0.000249163
           37    0.00143334
           39   0.000188051
           40    0.00052381
           42   -0.00010579
           43   0.000210984
           51  -1.92093e-06
           52    0.00662181
           54   3.73147e-06
           55   0.000741651
           57   0.000189287
           58     0.0012233
           60   0.000563193
           61    0.00283641
           63   0.000312441
           64    0.00064922
           66  -1.58857e-05
           67  -0.000180927
          123  -5.73531e-06
          124    0.00379448
          125   0.000175184
          126   2.10801e-05
          127   0.000554142
          128  -0.000192808
          129   8.02523e-05
          130   0.000846682
          131   -0.00109178
          132     0.0004736
          133    0.00374592
          134   -0.00184135
          135   0.000160461
          136    0.00253177
          137  -0.000214905
          138  -6.38926e-05
          139    0.00188791
          140    0.00027375
          147  -1.04451e-05
          148     0.0132799
          149      0.000587
          150   1.61159e-05
          151    0.00124275
          152  -0.000561266
          153   0.000485055
          154     0.0016821
          155   -0.00221293
          156    0.00117161
          157    0.00603039
          158   -0.00282741
          159   0.000255363
          160    0.00162273
          161  -0.000692804
          162  -0.000173118
          163   -0.00010289
          164  -0.000282914
          219  -8.43619e-05
          220    0.00467864
          221    0.00110071
          222   6.84165e-06
          223   0.000406016
          224  -0.000251261
          225   0.000269129
          226   0.000353991
          227  -0.000142132
          228   0.000145356
          229    0.00214081
          230   0.000243476
          231  -1.20194e-05
          232    0.00390048
          233    0.00117747
          234    0.00172382
          235    0.00931962
          236    0.00228358
          243  -0.000181104
          244     0.0142274
          245    0.00210075
          246  -1.35645e-05
          247   0.000723151
          248  -0.000827308
          249   0.000857851
          250   0.000423378
          251  -0.000629459
          252    0.00107911
          253    0.00350034
          254   0.000548105
          255  -0.000126771
          256   0.000849235
          257   0.000530457
          258   0.000432077
          259    0.00203453
          260    0.00039528
          315  -0.000245327
          316    0.00461464
          317    0.00423113
          318   1.10698e-05
          319  -8.77422e-05
          320  -0.000688422
          321   0.000224274
          322   -0.00015785
          323  -0.000162103
          324  -0.000365457
          325   -0.00107182
          326    -0.0017271
          327  -0.000686984
          328    0.00193474
          329   0.000233439
          330    0.00256297
          331     0.0134892
          332    0.00823557
          339  -0.000352814
          340    0.00949163
          341    0.00438398
          342   6.50624e-06
          343  -0.000324358
          344   -0.00191457
          345   0.000497201
          346  -0.000639154
          347  -0.000931769
          348   0.000491393
          349   0.000506202
          350  -6.48923e-05
          351  -7.41987e-05
          352   0.000171947
          353  -0.000174676
          354   0.000883151
          355    0.00295752
          356    0.00120161
          411  -0.000120294
          412    0.00267098
          413    0.00476846
          414   3.31867e-05
          415  -0.000483504
          416  -0.000610777
          417   1.32861e-05
          418   -0.00090645
          419  -0.000691624
          420  -0.000631795
          421   -0.00318522
          422    -0.0035384
          423  -0.000978716
          424   -0.00313397
          425   -0.00305435
          426   0.000873293
          427    0.00314388
          428    0.00389911
          435  -0.000104635
          436    0.00179089
          437    0.00234769
          438   5.04288e-05
          439  -0.000581081
          440   -0.00113352
          441   3.30528e-05
          442  -0.000491692
          443  -0.000601061
          444  -8.98607e-05
          445  -0.000573356
          446  -0.000873626
          447  -0.000145454
          448  -0.000530513
          449   -0.00074104
          450   0.000244214
          451   0.000598198
          452   0.000389516
