       #varID adjointSensitivity
           27  -1.86206e-05
           28    0.00184537
           30   4.18904e-06
           31   0.000453927
           33   8.26569e-05
           34   0.000743798
           36     0.0010288
           37    0.00294425
           39    0.00112198
           40    0.00173342
           42  -0.000451887
           43   -0.00160645
           51  -3.52914e-05
           52     0.0067123
           54  -2.23527e-05
           55     0.0013355
           57   0.000228998
           58    0.00161707
           60    0.00125509
           61    0.00405963
           63    0.00120421
           64    0.00214972
           66   8.13166e-06
           67  -0.000639038
          123    -0.0001119
          124    0.00382634
          125   0.000210474
          126  -1.81818e-06
          127   0.000976159
          128  -0.000140226
          129   0.000183492
          130    0.00160036
          131   -0.00116391
          132    0.00199216
          133    0.00825573
          134   -0.00159109
          135   0.000363279
          136    0.00276122
          137  -0.000367442
          138   -0.00251586
          139   -0.00564563
          140  -0.000110778
          147  -0.000314391
          148     0.0132961
          149   0.000710012
          150   -4.7321e-05
          151    0.00270568
          152  -0.000306945
          153   0.000592941
          154    0.00334131
          155   -0.00238712
          156    0.00246533
          157     0.0100161
          158   -0.00258682
          159   0.000834418
          160    0.00306297
          161  -0.000542841
          162   -0.00112025
          163   -0.00288636
          164  -0.000478163
          219  -0.000357556
          220    0.00452815
          221   0.000476887
          222  -5.48408e-06
          223   0.000758855
          224  -0.000432901
          225   0.000433291
          226    0.00128665
          227  -0.000206476
          228    0.00216239
          229    0.00781697
          230    0.00111985
          231   0.000324722
          232     0.0036063
          233    0.00091515
          234   -0.00196501
          235   -0.00247133
          236   -5.8263e-05
          243  -0.000955027
          244     0.0142314
          245    0.00100663
          246   -1.6891e-05
          247    0.00182121
          248   -0.00152847
          249     0.0011136
          250    0.00182011
          251    -0.0011972
          252    0.00270222
          253    0.00804321
          254    0.00124432
          255     0.0003966
          256    0.00201382
          257   0.000878277
          258   -0.00101447
          259   -0.00194637
          260  -0.000247932
          315  -0.000666875
          316    0.00323725
          317    0.00151211
          318  -2.25045e-05
          319   0.000202541
          320  -0.000444742
          321   0.000240489
          322   0.000585252
          323   0.000769492
          324    0.00148884
          325     0.0035126
          326    0.00141239
          327    0.00223559
          328    0.00490356
          329    0.00191019
          330    0.00194018
          331    0.00618117
          332     0.0038757
          339     -0.001084
          340    0.00795731
          341   0.000649578
          342   0.000103202
          343   -0.00015189
          344   -0.00286716
          345   0.000518251
          346  -0.000294373
          347  -0.000643579
          348    0.00149454
          349    0.00312677
          350    0.00138567
          351   0.000959364
          352    0.00187215
          353   0.000522154
          354   0.000362814
          355   0.000973801
          356   0.000438844
          411  -0.000374941
          412    0.00141559
          413    0.00254345
          414  -6.83271e-05
          415  -0.000122219
          416   0.000182285
          417  -9.72663e-05
          418  -0.000574235
          419   0.000103118
          420  -7.15608e-06
          421    -0.0013642
          422  -0.000710327
          423    0.00118072
          424   0.000216109
          425    9.2414e-05
          426    0.00220612
          427    0.00330611
          428    0.00262102
          435  -0.000360479
          436   0.000391994
          437    2.1957e-05
          438   7.23245e-05
          439  -0.000668253
          440   -0.00113025
          441  -1.03537e-05
          442  -0.000380102
          443  -1.79854e-05
          444   7.16879e-05
          445  -1.23119e-05
          446   0.000167915
          447   0.000268761
          448   0.000227791
          449   3.85773e-05
          450   0.000360687
          451   0.000561143
          452   0.000293601
