       #varID adjointSensitivity
           27  -1.25558e-06
           28    0.00183697
           30   1.09349e-05
           31   0.000348897
           33   7.85486e-05
           34   0.000778469
           36   0.000676099
           37    0.00235724
           39   0.000577563
           40   0.000982476
           42  -0.000504219
           43   -0.00117433
           51   9.82953e-07
           52     0.0067306
           54   2.38102e-07
           55   0.000943088
           57   0.000241297
           58    0.00159304
           60   0.000980896
           61    0.00381561
           63   0.000715683
           64    0.00131055
           66   -0.00011219
           67  -0.000611152
          123  -1.28873e-05
          124    0.00385048
          125   0.000185298
          126    2.0203e-05
          127   0.000693887
          128  -0.000177806
          129   0.000164485
          130    0.00128203
          131   -0.00111334
          132    0.00137818
          133    0.00606897
          134   -0.00189476
          135   0.000390863
          136    0.00268046
          137  -0.000410315
          138   -0.00155022
          139   -0.00235338
          140   8.59645e-05
          147  -2.29912e-05
          148      0.013499
          149   0.000626272
          150   1.26327e-05
          151    0.00172605
          152  -0.000496207
          153   0.000617296
          154    0.00256997
          155   -0.00223675
          156    0.00204225
          157    0.00839099
          158   -0.00290818
          159   0.000697466
          160    0.00242381
          161  -0.000812177
          162  -0.000746373
          163   -0.00166491
          164  -0.000440104
          219  -0.000111352
          220    0.00471562
          221   0.000977531
          222   6.43213e-06
          223   0.000567426
          224  -0.000316001
          225   0.000386584
          226   0.000930129
          227  -0.000122252
          228    0.00120303
          229    0.00489345
          230   0.000626486
          231   0.000387888
          232    0.00370841
          233    0.00103937
          234   0.000161333
          235     0.0035793
          236    0.00120012
          243  -0.000253903
          244     0.0144854
          245    0.00192471
          246  -1.39428e-05
          247    0.00122817
          248   -0.00104004
          249      0.001053
          250    0.00137511
          251  -0.000737251
          252     0.0019862
          253    0.00597603
          254   0.000839865
          255   0.000265574
          256    0.00143966
          257   0.000606231
          258  -0.000215429
          259   0.000137316
          260   9.61312e-05
          315  -0.000296627
          316    0.00434848
          317    0.00358174
          318   -6.8196e-07
          319  -2.80949e-05
          320  -0.000711921
          321   0.000267664
          322   0.000240552
          323   0.000188314
          324   0.000555559
          325    0.00122993
          326  -8.48827e-05
          327    0.00111861
          328    0.00336093
          329    0.00140022
          330     0.0029188
          331    0.00974558
          332    0.00629498
          339  -0.000445903
          340    0.00933428
          341    0.00356779
          342   2.11001e-06
          343  -0.000272211
          344   -0.00232433
          345   0.000543785
          346  -0.000308227
          347  -0.000833424
          348   0.000978352
          349    0.00194044
          350   0.000713871
          351   0.000450945
          352   0.000925485
          353   0.000213207
          354   0.000702304
          355    0.00191751
          356   0.000841816
          411  -0.000155408
          412    0.00238551
          413    0.00420445
          414   6.12195e-06
          415  -0.000392542
          416  -0.000421171
          417  -1.51974e-05
          418  -0.000787559
          419  -0.000405024
          420   -0.00030595
          421   -0.00224935
          422   -0.00210533
          423   0.000329833
          424   -0.00124086
          425    -0.0011691
          426    0.00186763
          427    0.00334936
          428    0.00361388
          435  -0.000138482
          436    0.00146538
          437    0.00173686
          438   4.70547e-05
          439  -0.000667446
          440   -0.00122435
          441   1.71296e-05
          442  -0.000487229
          443  -0.000442382
          444  -1.43749e-05
          445  -0.000277756
          446  -0.000360368
          447   6.28246e-05
          448  -0.000145924
          449  -0.000326121
          450   0.000307598
          451   0.000545642
          452   0.000361786
