       #varID adjointSensitivity
           27    9.1963e-06
           28    0.00175185
           30   1.19883e-05
           31   8.79986e-05
           33  -9.80324e-05
           34   -0.00031978
           36    -0.0011027
           37   -0.00196236
           39  -0.000426562
           40  -0.000167912
           42    0.00298883
           43    0.00993359
           51   2.84022e-05
           52    0.00627629
           54    1.4669e-05
           55  -2.47904e-05
           57   9.16481e-06
           58  -0.000721755
           60  -0.000713983
           61  -0.000979378
           63  -0.000719214
           64   -0.00145701
           66     0.0011037
           67    0.00302643
          123   1.71509e-05
          124    0.00369777
          125   0.000153495
          126   1.96343e-05
          127   0.000179515
          128  -0.000245586
          129  -0.000134376
          130  -0.000480107
          131   -0.00109985
          132   -0.00205735
          133    -0.0032605
          134   -0.00189501
          135   -0.00106371
          136   -0.00030858
          137   0.000330895
          138    0.00490484
          139     0.0164216
          140      0.002323
          147   5.71414e-05
          148      0.012803
          149     0.0004985
          150   2.22504e-05
          151  -8.83871e-05
          152  -0.000769017
          153    0.00017577
          154   -0.00111781
          155   -0.00226131
          156   -0.00110805
          157  -0.000997356
          158    -0.0027012
          159   -0.00149307
          160   -0.00267144
          161   -0.00032214
          162    0.00166825
          163    0.00499898
          164   0.000671096
          219  -3.76943e-05
          220    0.00470406
          221    0.00130199
          222  -5.21544e-06
          223   0.000208542
          224  -0.000150574
          225  -2.21713e-06
          226  -0.000248666
          227  -0.000212943
          228   -0.00180153
          229    -0.0033328
          230  -0.000634963
          231   -0.00110288
          232   0.000450669
          233   0.000938803
          234    0.00427298
          235     0.0161314
          236     0.0039478
          243  -5.53357e-05
          244      0.014098
          245    0.00238095
          246  -3.74846e-05
          247   7.68098e-06
          248  -0.000555644
          249   0.000352119
          250  -0.000709352
          251  -0.000525475
          252  -0.000820714
          253   -0.00146038
          254  -0.000232971
          255   -0.00138778
          256   -0.00260715
          257   5.55676e-05
          258    0.00133703
          259    0.00456832
          260   0.000982501
          315  -0.000146833
          316    0.00510464
          317    0.00530861
          318  -1.93964e-05
          319  -4.33837e-05
          320  -0.000413214
          321   3.36227e-05
          322    -0.0005757
          323  -0.000684904
          324   -0.00113223
          325   -0.00355708
          326   -0.00300433
          327  -0.000638516
          328    0.00060523
          329   6.97192e-05
          330    0.00370491
          331     0.0159062
          332    0.00965393
          339  -0.000194258
          340     0.0100018
          341    0.00556872
          342  -5.15963e-05
          343  -0.000333377
          344   -0.00130403
          345   0.000191587
          346  -0.000831382
          347  -0.000980923
          348  -0.000355339
          349   -0.00151895
          350  -0.000945198
          351  -0.000535297
          352    -0.0011597
          353  -0.000463519
          354    0.00113922
          355    0.00379297
          356    0.00161637
          411  -4.16962e-05
          412    0.00308094
          413    0.00578012
          414   1.41515e-05
          415  -0.000401015
          416  -0.000375276
          417  -3.64105e-05
          418   -0.00131074
          419   -0.00125918
          420  -0.000632328
          421   -0.00375799
          422   -0.00435783
          423  -0.000416936
          424   -0.00331995
          425   -0.00328918
          426    0.00158469
          427    0.00346329
          428      0.004317
          435  -3.06194e-05
          436    0.00229561
          437    0.00328401
          438   1.86305e-05
          439  -0.000452642
          440  -0.000865686
          441   -1.0328e-06
          442  -0.000571801
          443  -0.000779814
          444  -0.000147097
          445  -0.000853145
          446   -0.00127282
          447  -0.000104421
          448   -0.00067285
          449  -0.000879648
          450   0.000346668
          451   0.000673902
          452    0.00049841
