       #varID adjointSensitivity
           27   7.92495e-06
           28    0.00175361
           30  -2.21744e-06
           31  -1.42162e-05
           33  -0.000199214
           34  -0.000770623
           36   -0.00148828
           37   -0.00379624
           39  -0.000490052
           40   -0.00143812
           42    0.00431599
           43     0.0161621
           51   2.33897e-05
           52    0.00632871
           54  -3.13923e-05
           55  -0.000337184
           57   -0.00025169
           58   -0.00173204
           60   -0.00126913
           61   -0.00333323
           63  -0.000874985
           64   -0.00288015
           66    0.00191619
           67     0.0051571
          123   1.28986e-05
          124    0.00374023
          125   0.000127658
          126  -3.81601e-06
          127   3.56686e-05
          128   -0.00030014
          129  -0.000382027
          130   -0.00123771
          131   -0.00106156
          132   -0.00302846
          133   -0.00736015
          134   -0.00162627
          135   -0.00147706
          136   -0.00268568
          137   0.000373023
          138    0.00705395
          139     0.0275509
          140    0.00249664
          147   3.27336e-05
          148      0.013083
          149   0.000413149
          150  -6.40294e-05
          151  -0.000480832
          152  -0.000979396
          153  -0.000433087
          154   -0.00269266
          155    -0.0022775
          156   -0.00252642
          157   -0.00618526
          158   -0.00227743
          159   -0.00202494
          160   -0.00553631
          161  -6.37126e-05
          162     0.0027871
          163     0.0086642
          164   0.000814898
          219   -4.6547e-05
          220     0.0048307
          221    0.00143092
          222  -3.42132e-05
          223   6.97403e-05
          224  -0.000139754
          225  -0.000353458
          226    -0.0012166
          227  -0.000445942
          228   -0.00319554
          229   -0.00837775
          230   -0.00180477
          231   -0.00198366
          232   -0.00195948
          233   0.000361758
          234    0.00634319
          235     0.0283356
          236    0.00637702
          243  -9.07639e-05
          244     0.0145786
          245    0.00256888
          246  -0.000120652
          247  -0.000272445
          248   -0.00045355
          249  -0.000357486
          250   -0.00228888
          251  -0.000726794
          252   -0.00245169
          253   -0.00676326
          254   -0.00118721
          255   -0.00208338
          256   -0.00533349
          257  -0.000519538
          258    0.00226539
          259    0.00815849
          260    0.00157636
          315  -0.000159694
          316    0.00545945
          317     0.0060911
          318  -7.28435e-05
          319  -0.000208998
          320  -0.000428405
          321  -0.000285676
          322    -0.0016739
          323   -0.00154802
          324   -0.00261013
          325   -0.00890404
          326   -0.00647345
          327   -0.00245174
          328   -0.00503408
          329   -0.00276167
          330    0.00422887
          331     0.0232715
          332     0.0145225
          339  -0.000214141
          340     0.0105442
          341     0.0063431
          342     -0.000147
          343  -0.000545468
          344   -0.00115704
          345  -0.000280689
          346   -0.00201195
          347   -0.00158351
          348     -0.001523
          349   -0.00521538
          350   -0.00282369
          351   -0.00133574
          352   -0.00416916
          353    -0.0018009
          354    0.00152666
          355    0.00545268
          356    0.00253896
          411  -5.59656e-05
          412    0.00338202
          413    0.00663455
          414  -1.27407e-05
          415  -0.000529892
          416  -0.000407103
          417  -0.000110702
          418   -0.00190939
          419    -0.0019058
          420   -0.00105105
          421   -0.00595865
          422   -0.00678022
          423    -0.0011117
          424   -0.00708623
          425   -0.00625014
          426    0.00147674
          427    0.00336881
          428    0.00544383
          435   -4.6093e-05
          436    0.00262978
          437     0.0039536
          438  -2.55991e-05
          439  -0.000456893
          440  -0.000767389
          441  -8.13491e-05
          442  -0.000853715
          443   -0.00107422
          444  -0.000363379
          445   -0.00173261
          446   -0.00218412
          447  -0.000323259
          448   -0.00184412
          449   -0.00179065
          450   0.000386948
          451   0.000544185
          452   0.000581612
