       #varID adjointSensitivity
           27   8.91509e-06
           28    0.00175157
           30  -3.84898e-06
           31  -3.62107e-05
           33  -0.000208549
           34  -0.000825667
           36   -0.00141386
           37   -0.00374973
           39  -0.000392692
           40   -0.00147375
           42    0.00410679
           43     0.0159955
           51    2.7944e-05
           52    0.00631085
           54  -3.72912e-05
           55  -0.000436461
           57  -0.000289892
           58   -0.00190981
           60   -0.00122611
           61   -0.00335806
           63  -0.000763768
           64    -0.0027897
           66    0.00190325
           67    0.00516079
          123   1.39449e-05
          124    0.00374113
          125   0.000122259
          126  -5.52507e-06
          127   4.80874e-06
          128  -0.000312183
          129  -0.000402703
          130   -0.00132963
          131   -0.00105267
          132   -0.00293443
          133   -0.00747341
          134   -0.00156431
          135   -0.00136976
          136   -0.00293464
          137   0.000333824
          138    0.00665533
          139     0.0271394
          140    0.00235872
          147   3.64495e-05
          148     0.0130719
          149   0.000392997
          150  -7.29427e-05
          151  -0.000625068
          152   -0.00103005
          153  -0.000508667
          154   -0.00297394
          155   -0.00228295
          156      -0.00251
          157    -0.0064905
          158   -0.00218903
          159   -0.00188056
          160   -0.00555015
          161  -3.92323e-05
          162    0.00271758
          163    0.00859255
          164   0.000776088
          219  -4.59158e-05
          220    0.00484639
          221    0.00146357
          222  -3.35164e-05
          223   7.37581e-05
          224  -0.000127374
          225  -0.000384379
          226   -0.00126849
          227  -0.000456055
          228   -0.00320611
          229   -0.00881337
          230   -0.00195668
          231   -0.00204293
          232   -0.00268952
          233   0.000149094
          234    0.00600005
          235       0.02854
          236    0.00654193
          243  -8.87194e-05
          244      0.014599
          245     0.0026424
          246  -0.000122199
          247  -0.000311893
          248  -0.000412649
          249  -0.000439126
          250   -0.00243962
          251  -0.000734647
          252   -0.00253441
          253   -0.00728353
          254   -0.00132339
          255   -0.00204076
          256   -0.00566882
          257  -0.000634534
          258    0.00221619
          259    0.00819461
          260    0.00161345
          315  -0.000158838
          316    0.00544113
          317     0.0060734
          318  -7.99969e-05
          319  -0.000239671
          320  -0.000517074
          321  -0.000323471
          322   -0.00173107
          323   -0.00160868
          324   -0.00269883
          325   -0.00950441
          326   -0.00668976
          327   -0.00263191
          328   -0.00638488
          329   -0.00319908
          330    0.00389408
          331      0.023151
          332     0.0148449
          339   -0.00020815
          340     0.0105419
          341    0.00643742
          342  -0.000155685
          343  -0.000569531
          344    -0.0011931
          345  -0.000345597
          346   -0.00210391
          347   -0.00166596
          348   -0.00164096
          349   -0.00570257
          350   -0.00303273
          351   -0.00139205
          352   -0.00475958
          353   -0.00203256
          354    0.00147312
          355    0.00535935
          356    0.00259065
          411  -5.56513e-05
          412    0.00326661
          413    0.00640163
          414  -2.15794e-05
          415  -0.000641509
          416  -0.000625776
          417  -0.000123059
          418   -0.00196184
          419    -0.0019709
          420   -0.00104865
          421   -0.00606308
          422   -0.00668762
          423   -0.00110598
          424   -0.00752006
          425   -0.00630841
          426      0.001383
          427    0.00310478
          428    0.00550114
          435  -4.45177e-05
          436    0.00255506
          437    0.00382255
          438   -3.5884e-05
          439  -0.000529873
          440  -0.000924591
          441  -9.79162e-05
          442  -0.000903588
          443   -0.00116129
          444  -0.000386784
          445   -0.00184048
          446   -0.00221901
          447   -0.00033536
          448   -0.00202971
          449   -0.00187524
          450   0.000372436
          451   0.000456274
          452   0.000569366
