       #varID adjointSensitivity
           27  -1.97919e-06
           28    0.00187541
           30   6.91549e-06
           31   0.000431034
           33   0.000116418
           34    0.00105459
           36    0.00129038
           37     0.0035853
           39    0.00110613
           40    0.00142833
           42   -0.00105951
           43   -0.00303161
           51   1.13256e-05
           52    0.00692558
           54  -1.74055e-05
           55    0.00125546
           57   0.000253561
           58    0.00215439
           60     0.0015088
           61    0.00504235
           63    0.00130974
           64    0.00219429
           66  -0.000224143
           67   -0.00114644
          123  -2.61442e-05
          124    0.00393467
          125   0.000199064
          126   1.24392e-05
          127   0.000882841
          128  -0.000159791
          129    0.00023687
          130    0.00180714
          131   -0.00113848
          132    0.00266445
          133    0.00946882
          134   -0.00181246
          135   0.000654358
          136     0.0030645
          137  -0.000581868
          138   -0.00357313
          139   -0.00791429
          140  -0.000360249
          147  -4.27661e-05
          148     0.0138628
          149   0.000682204
          150   -1.6173e-05
          151    0.00240737
          152    -0.0004111
          153   0.000670176
          154    0.00360958
          155   -0.00228557
          156    0.00312564
          157     0.0114791
          158   -0.00286042
          159    0.00128225
          160     0.0037166
          161  -0.000838304
          162   -0.00153374
          163   -0.00371471
          164  -0.000686509
          219  -0.000169387
          220    0.00474626
          221   0.000746955
          222   3.50979e-06
          223   0.000699883
          224  -0.000447157
          225   0.000510146
          226     0.0013736
          227  -0.000175098
          228    0.00255226
          229    0.00861742
          230    0.00103575
          231   0.000535239
          232    0.00437373
          233   0.000807746
          234   -0.00213988
          235   -0.00214991
          236   0.000174446
          243  -0.000407137
          244     0.0148485
          245    0.00157711
          246  -2.23744e-05
          247    0.00172038
          248   -0.00143095
          249    0.00125617
          250     0.0020289
          251   -0.00102642
          252    0.00314996
          253    0.00903461
          254    0.00122925
          255   0.000668881
          256    0.00261519
          257   0.000743372
          258   -0.00109725
          259   -0.00190631
          260  -0.000247809
          315  -0.000410424
          316    0.00382535
          317    0.00244642
          318  -7.34704e-06
          319  -4.76413e-05
          320   -0.00083034
          321     0.0003001
          322   0.000464994
          323   0.000445074
          324    0.00132516
          325    0.00332537
          326   0.000933519
          327    0.00190181
          328    0.00473285
          329    0.00138354
          330    0.00225608
          331    0.00783163
          332    0.00495987
          339  -0.000640799
          340    0.00896042
          341    0.00215905
          342   2.75781e-05
          343  -0.000394041
          344     -0.003044
          345   0.000601541
          346  -0.000324365
          347  -0.000901541
          348    0.00150851
          349    0.00333091
          350    0.00133295
          351   0.000867209
          352    0.00180853
          353   0.000348326
          354   0.000438642
          355    0.00133715
          356   0.000621031
          411  -0.000228276
          412    0.00180116
          413    0.00319162
          414  -2.65239e-05
          415  -0.000319474
          416  -0.000212527
          417  -7.45408e-05
          418  -0.000754475
          419  -0.000238872
          420  -0.000209652
          421   -0.00180873
          422   -0.00139388
          423   0.000741507
          424   -0.00053548
          425  -0.000926979
          426    0.00216606
          427    0.00359464
          428     0.0029808
          435  -0.000214751
          436   0.000908124
          437   0.000762155
          438   5.68473e-05
          439  -0.000817858
          440   -0.00139246
          441  -3.66992e-06
          442  -0.000535913
          443  -0.000302211
          444   7.73044e-06
          445  -0.000123955
          446   1.38799e-05
          447   0.000152384
          448   4.61423e-05
          449  -0.000163444
          450    0.00033731
          451   0.000606121
          452   0.000339986
