       #varID adjointSensitivity
           27   9.71706e-06
           28     0.0017504
           30   1.11665e-06
           31  -3.84154e-06
           33  -0.000180036
           34  -0.000715409
           36   -0.00144764
           37   -0.00349252
           39  -0.000491326
           40   -0.00113214
           42    0.00419912
           43     0.0153263
           51   3.11784e-05
           52    0.00629822
           54  -1.94298e-05
           55  -0.000312233
           57  -0.000194723
           58   -0.00160483
           60   -0.00117475
           61   -0.00291147
           63   -0.00087251
           64   -0.00260485
           66    0.00180067
           67    0.00486718
          123   1.72259e-05
          124    0.00372936
          125    0.00013339
          126   2.09678e-06
          127   5.49914e-05
          128  -0.000289042
          129  -0.000332793
          130   -0.00109188
          131   -0.00107132
          132   -0.00290399
          133    -0.0066108
          134   -0.00168948
          135    -0.0014717
          136   -0.00226167
          137   0.000380366
          138     0.0067609
          139     0.0254748
          140    0.00253524
          147   5.20532e-05
          148     0.0130068
          149   0.000431721
          150  -4.17742e-05
          151  -0.000442476
          152  -0.000935907
          153  -0.000304653
          154   -0.00239531
          155   -0.00227436
          156   -0.00228693
          157   -0.00515942
          158    -0.0023663
          159   -0.00199919
          160   -0.00502755
          161  -0.000109777
          162    0.00258155
          163    0.00797644
          164   0.000808404
          219  -4.03253e-05
          220    0.00480569
          221    0.00140295
          222  -2.71272e-05
          223   9.93165e-05
          224  -0.000145996
          225  -0.000280193
          226  -0.000981718
          227  -0.000401107
          228   -0.00295111
          229   -0.00728376
          230    -0.0015436
          231   -0.00184623
          232   -0.00135966
          233   0.000536867
          234    0.00595972
          235     0.0254273
          236    0.00577666
          243  -6.90229e-05
          244     0.0144803
          245    0.00252752
          246  -0.000100695
          247  -0.000218086
          248  -0.000483728
          249  -0.000209784
          250   -0.00190016
          251  -0.000685647
          252   -0.00215295
          253   -0.00560985
          254  -0.000975061
          255   -0.00199912
          256   -0.00473282
          257  -0.000370147
          258    0.00204887
          259     0.0073089
          260    0.00142691
          315  -0.000150157
          316    0.00538907
          317     0.0059267
          318  -6.09627e-05
          319  -0.000176796
          320  -0.000434232
          321  -0.000217599
          322   -0.00143947
          323   -0.00140107
          324   -0.00231485
          325   -0.00767024
          326   -0.00575128
          327   -0.00206266
          328    -0.0034365
          329   -0.00203132
          330    0.00418434
          331     0.0216774
          332     0.0133968
          339   -0.00019935
          340     0.0104387
          341    0.00616995
          342  -0.000127767
          343  -0.000509428
          344   -0.00120817
          345  -0.000182383
          346   -0.00174582
          347   -0.00147723
          348    -0.0012891
          349   -0.00437194
          350   -0.00242231
          351   -0.00117975
          352   -0.00336293
          353   -0.00144459
          354    0.00144066
          355     0.0051137
          356    0.00233215
          411  -4.74005e-05
          412    0.00332194
          413    0.00646294
          414  -6.18641e-06
          415  -0.000498573
          416   -0.00039584
          417  -9.46533e-05
          418   -0.00180084
          419   -0.00181291
          420  -0.000972188
          421   -0.00549365
          422   -0.00635377
          423  -0.000985055
          424   -0.00617298
          425   -0.00563705
          426    0.00151686
          427    0.00345549
          428    0.00518811
          435  -3.78083e-05
          436    0.00256463
          437    0.00381464
          438  -1.65133e-05
          439  -0.000461196
          440  -0.000793148
          441  -6.45756e-05
          442  -0.000804896
          443   -0.00103017
          444  -0.000318521
          445   -0.00153625
          446    -0.0020089
          447  -0.000281085
          448   -0.00154133
          449   -0.00157771
          450    0.00037817
          451   0.000600546
          452   0.000570082
