       #varID adjointSensitivity
           27   -9.6903e-06
           28    0.00186204
           30   4.36708e-06
           31   0.000455779
           33    9.5187e-05
           34   0.000883734
           36    0.00119599
           37    0.00331208
           39    0.00118532
           40    0.00167814
           42  -0.000705556
           43   -0.00226347
           51  -3.73373e-06
           52    0.00681616
           54  -2.42244e-05
           55      0.001344
           57   0.000228246
           58    0.00186757
           60    0.00139957
           61    0.00453904
           63    0.00132435
           64    0.00229121
           66  -7.47583e-05
           67  -0.000855315
          123  -7.55017e-05
          124     0.0038865
          125   0.000209373
          126   1.81335e-06
          127   0.000964652
          128  -0.000146008
          129    0.00020186
          130    0.00170222
          131   -0.00115784
          132    0.00236103
          133    0.00912448
          134   -0.00162078
          135   0.000457845
          136    0.00294099
          137  -0.000470149
          138   -0.00304346
          139   -0.00691484
          140  -0.000301859
          147  -0.000189533
          148      0.013581
          149   0.000712101
          150   -4.1641e-05
          151    0.00267943
          152  -0.000336316
          153   0.000608713
          154    0.00348825
          155   -0.00236074
          156    0.00279492
          157     0.0108928
          158   -0.00263506
          159    0.00102764
          160    0.00346999
          161  -0.000626265
          162   -0.00133749
          163   -0.00336991
          164  -0.000599832
          219  -0.000291039
          220    0.00462721
          221   0.000546626
          222  -2.90732e-06
          223   0.000742404
          224  -0.000459079
          225   0.000471764
          226    0.00130405
          227  -0.000212405
          228    0.00242823
          229    0.00855671
          230    0.00118183
          231   0.000376952
          232    0.00408588
          233   0.000872195
          234   -0.00220438
          235   -0.00275281
          236   -8.0766e-05
          243  -0.000754807
          244     0.0145523
          245     0.0011714
          246  -2.18168e-05
          247    0.00181727
          248   -0.00155667
          249    0.00118598
          250    0.00184244
          251   -0.00120129
          252    0.00297472
          253    0.00872463
          254    0.00132966
          255   0.000494467
          256     0.0024017
          257   0.000882028
          258   -0.00111955
          259   -0.00210788
          260  -0.000300586
          315  -0.000589863
          316     0.0033961
          317    0.00170838
          318  -1.42843e-05
          319   0.000104088
          320  -0.000603057
          321   0.000269203
          322   0.000534631
          323   0.000677947
          324    0.00152033
          325    0.00365908
          326    0.00133623
          327    0.00227467
          328    0.00508589
          329    0.00167457
          330    0.00214221
          331    0.00684375
          332    0.00418723
          339  -0.000944125
          340     0.0082985
          341    0.00102455
          342   8.46592e-05
          343  -0.000269435
          344   -0.00302354
          345   0.000561607
          346   -0.00038533
          347  -0.000774913
          348    0.00156886
          349    0.00332487
          350    0.00141646
          351   0.000994838
          352    0.00198189
          353   0.000458122
          354   0.000415052
          355    0.00111051
          356   0.000479913
          411  -0.000336253
          412     0.0014958
          413    0.00265477
          414     -5.37e-05
          415   -0.00018358
          416   5.53184e-05
          417  -9.07284e-05
          418  -0.000614778
          419   2.46756e-05
          420   -6.0871e-05
          421    -0.0014818
          422  -0.000869169
          423    0.00114053
          424  -5.86909e-05
          425  -0.000311156
          426    0.00237993
          427    0.00341119
          428    0.00265231
          435  -0.000321376
          436   0.000510923
          437   0.000168187
          438   7.14373e-05
          439  -0.000735569
          440   -0.00124412
          441  -7.37011e-06
          442  -0.000440645
          443  -0.000107413
          444   5.43516e-05
          445   -4.1241e-05
          446    0.00014317
          447   0.000253846
          448   0.000169089
          449  -3.17276e-05
          450   0.000391168
          451   0.000586111
          452   0.000298462
