       #varID adjointSensitivity
           27   1.29087e-05
           28    0.00173444
           30   8.59443e-06
           31   7.89003e-06
           33  -0.000141409
           34  -0.000670094
           36   -0.00136355
           37   -0.00284383
           39  -0.000390741
           40   -0.00025035
           42    0.00408204
           43     0.0137328
           51   4.52763e-05
           52    0.00618864
           54   9.56992e-06
           55  -0.000288946
           57  -5.76794e-05
           58   -0.00147859
           60  -0.000949626
           61   -0.00202492
           63  -0.000831445
           64   -0.00190402
           66    0.00157449
           67    0.00430484
          123   2.30164e-05
          124    0.00368547
          125   0.000146997
          126   1.46752e-05
          127   8.31186e-05
          128  -0.000262868
          129   -0.00022741
          130  -0.000857578
          131   -0.00110606
          132   -0.00266319
          133   -0.00503242
          134   -0.00188302
          135   -0.00145103
          136    -0.0013885
          137   0.000403346
          138    0.00605684
          139     0.0207894
          140    0.00274892
          147   7.94718e-05
          148     0.0127499
          149   0.000474415
          150    9.7047e-06
          151  -0.000396783
          152  -0.000832577
          153   4.28589e-06
          154   -0.00190065
          155   -0.00228128
          156   -0.00175273
          157   -0.00293592
          158   -0.00261803
          159   -0.00196244
          160   -0.00397572
          161  -0.000214924
          162    0.00207779
          163    0.00639891
          164   0.000842219
          219  -3.41834e-05
          220    0.00472751
          221     0.0013288
          222  -1.29426e-05
          223   0.000161416
          224  -0.000161987
          225  -0.000116131
          226   -0.00046617
          227  -0.000303329
          228   -0.00235803
          229    -0.0048262
          230    -0.0009457
          231   -0.00154022
          232  -0.000314458
          233   0.000934564
          234    0.00475443
          235     0.0186009
          236    0.00453297
          243  -4.59328e-05
          244     0.0141796
          245    0.00240832
          246  -5.79461e-05
          247  -0.000110856
          248  -0.000566067
          249   0.000137064
          250   -0.00105613
          251  -0.000605729
          252   -0.00144861
          253   -0.00299164
          254  -0.000492732
          255   -0.00179399
          256   -0.00354403
          257  -3.26153e-05
          258    0.00146612
          259    0.00529466
          260    0.00113112
          315  -0.000141408
          316    0.00519754
          317    0.00550935
          318  -3.55093e-05
          319  -0.000100242
          320    -0.0004326
          321  -6.34755e-05
          322  -0.000889478
          323    -0.0010445
          324   -0.00150656
          325   -0.00471988
          326   -0.00394887
          327  -0.000984264
          328    0.00010072
          329  -0.000241548
          330    0.00379553
          331     0.0177264
          332     0.0108228
          339  -0.000189039
          340     0.0101367
          341    0.00570993
          342  -8.46121e-05
          343  -0.000440816
          344   -0.00133798
          345   4.46909e-05
          346   -0.00112869
          347   -0.00121891
          348  -0.000686123
          349   -0.00235173
          350   -0.00144082
          351  -0.000723182
          352   -0.00156444
          353  -0.000627139
          354    0.00119316
          355    0.00425333
          356    0.00185588
          411  -3.65355e-05
          412    0.00315724
          413     0.0060224
          414   7.69583e-06
          415   -0.00042522
          416  -0.000353047
          417  -6.27169e-05
          418   -0.00156417
          419   -0.00160185
          420   -0.00073163
          421   -0.00433627
          422   -0.00520936
          423  -0.000537168
          424   -0.00393775
          425   -0.00393788
          426     0.0015912
          427    0.00359446
          428    0.00464001
          435  -2.85125e-05
          436    0.00239056
          437    0.00346161
          438   5.19002e-06
          439  -0.000471685
          440  -0.000845482
          441  -2.52591e-05
          442  -0.000682775
          443  -0.000916689
          444  -0.000192808
          445   -0.00105159
          446   -0.00157067
          447  -0.000137661
          448  -0.000837627
          449    -0.0010585
          450   0.000361872
          451   0.000698262
          452    0.00054261
