       #varID adjointSensitivity
           27  -4.84639e-06
           28    0.00187063
           30   4.91615e-06
           31   0.000450322
           33   0.000104455
           34   0.000980582
           36    0.00128828
           37    0.00352905
           39    0.00118561
           40    0.00158036
           42  -0.000882039
           43   -0.00267323
           51   1.02274e-05
           52    0.00687851
           54  -2.36862e-05
           55     0.0013257
           57   0.000231648
           58    0.00203489
           60    0.00148526
           61    0.00485783
           63    0.00136835
           64    0.00231884
           66  -0.000140965
           67   -0.00100329
          123  -5.11143e-05
          124    0.00391701
          125   0.000206218
          126   5.50546e-06
          127   0.000940477
          128  -0.000151182
          129   0.000215055
          130    0.00176416
          131   -0.00115158
          132    0.00259117
          133    0.00960866
          134   -0.00166061
          135   0.000501576
          136     0.0029926
          137  -0.000539819
          138   -0.00338715
          139   -0.00766713
          140  -0.000406207
          147   -0.00011182
          148     0.0137411
          149   0.000704519
          150  -3.39329e-05
          151    0.00260413
          152  -0.000364051
          153   0.000624684
          154    0.00356822
          155   -0.00233363
          156     0.0030099
          157     0.0114254
          158   -0.00269018
          159     0.0011393
          160    0.00367014
          161  -0.000700657
          162   -0.00148418
          163   -0.00367309
          164  -0.000677569
          219  -0.000238953
          220    0.00468708
          221   0.000615878
          222  -4.20134e-07
          223   0.000721721
          224  -0.000471809
          225   0.000497577
          226    0.00130766
          227  -0.000209486
          228     0.0025854
          229    0.00894072
          230    0.00121477
          231   0.000415931
          232     0.0043516
          233   0.000860322
          234   -0.00232574
          235   -0.00282374
          236  -6.91617e-05
          243  -0.000603325
          244     0.0147262
          245    0.00132094
          246  -2.41027e-05
          247    0.00178489
          248   -0.00155242
          249     0.0012364
          250    0.00185818
          251   -0.00117473
          252    0.00314142
          253    0.00910724
          254    0.00137653
          255   0.000560993
          256     0.0026215
          257   0.000878349
          258   -0.00117571
          259   -0.00217358
          260   -0.00032372
          315  -0.000520507
          316    0.00354414
          317    0.00193816
          318  -8.86795e-06
          319   2.04899e-05
          320  -0.000728743
          321   0.000291493
          322   0.000487082
          323   0.000590485
          324    0.00151332
          325    0.00368953
          326    0.00126058
          327    0.00221752
          328    0.00506869
          329    0.00153659
          330    0.00221053
          331    0.00720846
          332    0.00443308
          339  -0.000824627
          340    0.00856503
          341    0.00141136
          342   6.51279e-05
          343  -0.000363103
          344   -0.00311343
          345   0.000594843
          346  -0.000438436
          347  -0.000866806
          348    0.00160434
          349     0.0034287
          350    0.00143751
          351   0.000991791
          352    0.00200655
          353   0.000425105
          354   0.000437804
          355    0.00119787
          356   0.000521862
          411  -0.000297089
          412    0.00158825
          413    0.00280914
          414   -4.1239e-05
          415  -0.000242912
          416  -6.09509e-05
          417  -8.32378e-05
          418  -0.000660189
          419  -5.97965e-05
          420  -0.000105975
          421   -0.00158122
          422   -0.00102116
          423    0.00104563
          424  -0.000286106
          425  -0.000585384
          426     0.0023881
          427    0.00342606
          428    0.00270661
          435  -0.000282542
          436   0.000638205
          437   0.000348498
          438   6.84904e-05
          439   -0.00078761
          440   -0.00133093
          441  -4.41527e-06
          442  -0.000489563
          443  -0.000188133
          444   4.12576e-05
          445  -6.18494e-05
          446   0.000113516
          447   0.000228104
          448   0.000119589
          449  -8.35951e-05
          450    0.00038953
          451   0.000590625
          452   0.000306132
