       #varID adjointSensitivity
           27   6.55114e-06
           28    0.00175684
           30    -4.375e-06
           31  -2.08295e-05
           33  -0.000212744
           34  -0.000819858
           36   -0.00150659
           37   -0.00399429
           39   -0.00046023
           40   -0.00159079
           42    0.00439172
           43     0.0167109
           51   1.72666e-05
           52    0.00635822
           54  -3.93577e-05
           55  -0.000351884
           57  -0.000292484
           58    -0.0018515
           60   -0.00132747
           61   -0.00363427
           63  -0.000855817
           64   -0.00301195
           66     0.0019971
           67    0.00536327
          123   9.33971e-06
          124    0.00374948
          125   0.000123851
          126  -7.61537e-06
          127   2.50633e-05
          128  -0.000307908
          129  -0.000415049
          130   -0.00134804
          131    -0.0010552
          132   -0.00309319
          133   -0.00785591
          134   -0.00158563
          135    -0.0014477
          136   -0.00295311
          137   0.000362615
          138    0.00719177
          139     0.0287347
          140    0.00246179
          147   1.68516e-05
          148     0.0131493
          149   0.000401254
          150  -7.86391e-05
          151  -0.000495764
          152   -0.00100993
          153  -0.000520737
          154   -0.00292681
          155   -0.00228053
          156   -0.00267673
          157   -0.00690339
          158   -0.00221841
          159   -0.00201505
          160   -0.00582605
          161  -3.29763e-05
          162    0.00290446
          163    0.00907849
          164   0.000817106
          219   -5.1885e-05
          220    0.00484892
          221    0.00145033
          222   -3.8825e-05
          223   5.51759e-05
          224  -0.000135268
          225  -0.000401694
          226   -0.00136687
          227  -0.000473248
          228   -0.00332817
          229   -0.00908004
          230   -0.00197718
          231   -0.00204129
          232   -0.00239936
          233   0.000240792
          234    0.00650526
          235     0.0300316
          236    0.00677006
          243  -0.000109341
          244     0.0146536
          245    0.00259933
          246  -0.000133572
          247   -0.00029053
          248  -0.000432574
          249  -0.000456078
          250   -0.00253949
          251  -0.000751001
          252   -0.00263586
          253   -0.00752964
          254   -0.00133048
          255   -0.00211247
          256   -0.00571959
          257  -0.000617203
          258    0.00238019
          259    0.00866044
          260    0.00167938
          315  -0.000167856
          316    0.00550304
          317    0.00619376
          318  -8.10099e-05
          319  -0.000230337
          320  -0.000427336
          321  -0.000330821
          322   -0.00181825
          323   -0.00163568
          324   -0.00277162
          325   -0.00967719
          326   -0.00690366
          327   -0.00264037
          328   -0.00610337
          329   -0.00320996
          330    0.00421951
          331     0.0241553
          332     0.0152181
          339  -0.000227211
          340     0.0106132
          341    0.00645576
          342  -0.000160104
          343  -0.000566698
          344   -0.00113012
          345  -0.000345814
          346   -0.00217118
          347   -0.00164389
          348   -0.00166468
          349   -0.00575379
          350   -0.00307379
          351   -0.00141338
          352   -0.00470108
          353   -0.00203111
          354    0.00156859
          355    0.00563401
          356    0.00266935
          411  -6.30194e-05
          412    0.00341389
          413    0.00673165
          414  -1.74418e-05
          415  -0.000556646
          416  -0.000419502
          417  -0.000122751
          418   -0.00198516
          419   -0.00196824
          420   -0.00108934
          421   -0.00623275
          422   -0.00699984
          423   -0.00115333
          424   -0.00762529
          425   -0.00655875
          426    0.00145602
          427    0.00329689
          428    0.00560947
          435  -5.30009e-05
          436     0.0026666
          437    0.00403395
          438  -3.18852e-05
          439  -0.000458687
          440   -0.00075862
          441  -9.24035e-05
          442  -0.000882846
          443    -0.0011016
          444  -0.000389643
          445   -0.00185483
          446   -0.00228503
          447  -0.000343185
          448    -0.0020377
          449   -0.00191779
          450   0.000390768
          451   0.000499341
          452   0.000588154
