       #varID adjointSensitivity
           27   -3.2945e-05
           28    0.00181835
           30   4.27335e-06
           31   0.000437923
           33   6.53909e-05
           34   0.000557577
           36   0.000804237
           37    0.00244967
           39    0.00102922
           40    0.00178535
           42  -0.000116789
           43  -0.000675631
           51  -9.08963e-05
           52    0.00656094
           54  -1.80093e-05
           55    0.00127741
           57   0.000230969
           58    0.00126944
           60    0.00106445
           61    0.00344493
           63    0.00103329
           64    0.00192141
           66   0.000109519
           67  -0.000342577
          123  -0.000162761
          124    0.00372544
          125   0.000208051
          126  -5.47363e-06
          127   0.000963347
          128  -0.000133212
          129   0.000153803
          130    0.00144172
          131   -0.00116819
          132    0.00150912
          133     0.0070603
          134    -0.0015736
          135   0.000236074
          136    0.00253963
          137  -0.000261591
          138   -0.00184618
          139   -0.00391342
          140   0.000152708
          147  -0.000498592
          148     0.0128482
          149   0.000692571
          150  -5.09877e-05
          151    0.00264224
          152  -0.000275049
          153   0.000566064
          154    0.00308929
          155   -0.00240527
          156    0.00202913
          157    0.00882712
          158   -0.00254527
          159   0.000580195
          160    0.00252222
          161  -0.000471142
          162   -0.00085395
          163   -0.00223216
          164  -0.000326489
          219  -0.000439302
          220    0.00437166
          221   0.000411656
          222  -8.76632e-06
          223   0.000767376
          224  -0.000391297
          225   0.000380268
          226    0.00123505
          227  -0.000187256
          228    0.00181681
          229      0.006814
          230    0.00103284
          231   0.000292409
          232    0.00317491
          233   0.000951062
          234   -0.00166109
          235   -0.00191214
          236   4.13741e-05
          243   -0.00120986
          244       0.01369
          245    0.00083286
          246  -1.19479e-05
          247    0.00177981
          248    -0.0014613
          249    0.00101657
          250     0.0017597
          251   -0.00114869
          252    0.00234115
          253     0.0071093
          254    0.00113557
          255   0.000294093
          256    0.00159618
          257   0.000849172
          258  -0.000873419
          259   -0.00167391
          260  -0.000170521
          315  -0.000749089
          316    0.00307002
          317     0.0013701
          318  -3.40917e-05
          319   0.000315343
          320  -0.000257608
          321   0.000206878
          322   0.000627969
          323   0.000854818
          324    0.00142422
          325    0.00325241
          326    0.00141721
          327    0.00225825
          328    0.00482632
          329    0.00202355
          330    0.00187895
          331    0.00584068
          332    0.00361427
          339   -0.00124278
          340    0.00750534
          341   0.000314887
          342   0.000116806
          343  -2.42786e-05
          344   -0.00265155
          345   0.000468913
          346  -0.000183114
          347  -0.000486017
          348     0.0013855
          349    0.00282701
          350    0.00131795
          351   0.000933504
          352    0.00177577
          353   0.000554731
          354     0.0003468
          355   0.000923016
          356   0.000408682
          411  -0.000412068
          412     0.0013633
          413    0.00248536
          414  -8.44926e-05
          415  -4.92535e-05
          416   0.000324962
          417  -0.000103589
          418  -0.000537762
          419   0.000168732
          420   4.44108e-05
          421   -0.00127445
          422  -0.000608446
          423    0.00125135
          424   0.000425759
          425   0.000314538
          426    0.00215294
          427    0.00323465
          428    0.00249406
          435  -0.000398468
          436   0.000289172
          437  -7.92715e-05
          438   7.05244e-05
          439  -0.000588983
          440  -0.000998738
          441  -1.22711e-05
          442  -0.000313412
          443   6.50454e-05
          444   8.85287e-05
          445   6.22288e-06
          446   0.000170365
          447   0.000290942
          448   0.000276802
          449   7.92491e-05
          450   0.000354524
          451   0.000551384
          452   0.000276355
