       #varID adjointSensitivity
           27   2.78955e-06
           28    0.00178802
           30   1.16313e-05
           31   0.000208155
           33  -2.64175e-05
           34   0.000259624
           36  -0.000496862
           37  -0.000307845
           39  -0.000354015
           40  -6.92943e-05
           42    0.00102416
           43    0.00392198
           51   3.66091e-06
           52    0.00650125
           54   5.39759e-06
           55   0.000424126
           57   8.65914e-05
           58   0.000518662
           60  -0.000180792
           61   0.000910672
           63  -0.000360595
           64  -0.000558876
           66   0.000343311
           67    0.00105323
          123    6.6465e-06
          124     0.0037543
          125   0.000159733
          126    1.9497e-05
          127   0.000360235
          128  -0.000223919
          129  -3.69062e-05
          130   0.000207596
          131   -0.00106633
          132  -0.000937204
          133  -0.000265467
          134   -0.00178691
          135  -0.000385281
          136    0.00143153
          137   8.93503e-05
          138    0.00265672
          139      0.010006
          140     0.0010537
          147    2.0368e-05
          148     0.0131157
          149   0.000528916
          150   1.06935e-05
          151   0.000571771
          152  -0.000688355
          153   0.000278544
          154   0.000347512
          155   -0.00220327
          156  -0.000158538
          157    0.00196069
          158   -0.00268967
          159  -0.000618759
          160  -0.000494387
          161  -0.000496119
          162    0.00086648
          163    0.00282899
          164   0.000127809
          219  -4.90539e-05
          220     0.0047123
          221    0.00127971
          222   1.79813e-07
          223   0.000257568
          224  -0.000148631
          225   9.67311e-05
          226  -0.000166394
          227  -0.000154183
          228   -0.00122847
          229    -0.0018548
          230  -0.000460214
          231  -0.000757597
          232    0.00222428
          233   0.000887759
          234    0.00385902
          235     0.0166807
          236    0.00369903
          243   -8.4209e-05
          244     0.0141834
          245    0.00236132
          246  -2.96337e-05
          247   0.000224796
          248  -0.000537096
          249   0.000521858
          250  -0.000490156
          251  -0.000481985
          252  -0.000170305
          253  -4.18194e-05
          254  -2.24035e-05
          255  -0.000860999
          256   -0.00114564
          257   0.000126647
          258    0.00127206
          259     0.0044771
          260   0.000812281
          315  -0.000173004
          316    0.00506189
          317    0.00519392
          318  -2.39779e-06
          319  -6.22556e-05
          320  -0.000493387
          321   0.000109345
          322  -0.000507769
          323  -0.000483708
          324   -0.00133701
          325   -0.00384656
          326   -0.00340367
          327   -0.00195164
          328  -0.000394835
          329   -0.00101194
          330    0.00302019
          331     0.0174809
          332     0.0103308
          339  -0.000227928
          340    0.00993603
          341    0.00550774
          342  -2.10608e-05
          343  -0.000252983
          344   -0.00129268
          345   0.000321751
          346   -0.00083723
          347  -0.000923105
          348  -0.000217091
          349   -0.00138688
          350  -0.000984294
          351  -0.000708156
          352   -0.00132795
          353  -0.000743223
          354    0.00113045
          355    0.00398018
          356    0.00163356
          411  -6.50057e-05
          412    0.00311163
          413    0.00570004
          414   3.00287e-05
          415  -0.000501828
          416  -0.000610236
          417   6.40633e-06
          418   -0.00110046
          419  -0.000993904
          420  -0.000855356
          421   -0.00408821
          422   -0.00473571
          423    -0.0015363
          424   -0.00463292
          425   -0.00453343
          426   0.000683465
          427    0.00336791
          428    0.00444659
          435   -5.1184e-05
          436    0.00224887
          437    0.00319897
          438   3.22995e-05
          439  -0.000445073
          440  -0.000918966
          441   2.02546e-05
          442  -0.000502555
          443  -0.000713171
          444  -0.000186072
          445  -0.000927348
          446   -0.00134093
          447  -0.000289474
          448  -0.000962814
          449   -0.00113268
          450   0.000246977
          451   0.000643403
          452   0.000461484
