       #varID adjointSensitivity
           27    7.9549e-07
           28    0.00180306
           30   1.22758e-05
           31   0.000257668
           33   1.65841e-05
           34   0.000459957
           36  -6.10597e-05
           37   0.000726749
           39  -4.84862e-05
           40   0.000296261
           42   0.000298249
           43    0.00158789
           51   -1.3134e-06
           52    0.00657997
           54   6.60613e-06
           55   0.000608518
           57   0.000156469
           58     0.0009306
           60   0.000263421
           61     0.0020601
           63   2.36093e-05
           64    0.00015712
           66   0.000104788
           67   0.000277292
          123   5.00665e-07
          124    0.00378024
          125   0.000168139
          126   2.17097e-05
          127   0.000471809
          128  -0.000206738
          129   3.75319e-05
          130   0.000593099
          131   -0.00107826
          132  -0.000110899
          133    0.00206116
          134   -0.00181944
          135  -3.28432e-05
          136    0.00212409
          137  -0.000102724
          138   0.000995795
          139    0.00505903
          140    0.00056634
          147   3.72774e-06
          148     0.0132284
          149   0.000560723
          150   1.77971e-05
          151   0.000960726
          152  -0.000619178
          153   0.000413145
          154    0.00115031
          155   -0.00220398
          156   0.000633043
          157    0.00435272
          158   -0.00277086
          159  -8.10981e-05
          160   0.000777427
          161  -0.000624737
          162   0.000238481
          163    0.00106537
          164  -0.000129117
          219  -6.44966e-05
          220    0.00469738
          221    0.00118464
          222    4.8513e-06
          223   0.000344798
          224  -0.000207928
          225   0.000197336
          226   0.000150521
          227  -0.000144221
          228  -0.000451051
          229   0.000406583
          230  -7.63343e-05
          231  -0.000304578
          232    0.00323147
          233    0.00102001
          234    0.00261675
          235     0.0124664
          236     0.0028753
          243   -0.00012713
          244     0.0142237
          245    0.00222886
          246  -1.85743e-05
          247    0.00051938
          248  -0.000698658
          249   0.000717315
          250   7.39453e-05
          251  -0.000557783
          252   0.000544494
          253    0.00200092
          254   0.000293114
          255  -0.000413443
          256    2.4296e-05
          257   0.000337336
          258   0.000793676
          259    0.00308372
          260   0.000564863
          315  -0.000205894
          316    0.00481483
          317    0.00465872
          318   5.34867e-06
          319  -8.40024e-05
          320  -0.000623708
          321   0.000174039
          322  -0.000310052
          323  -0.000300984
          324  -0.000834087
          325    -0.0023449
          326   -0.00250275
          327   -0.00132988
          328   0.000856868
          329  -0.000375943
          330     0.0027364
          331     0.0153413
          332     0.0092227
          339  -0.000284653
          340    0.00969776
          341    0.00489466
          342  -8.18139e-06
          343  -0.000304626
          344   -0.00166487
          345   0.000418953
          346  -0.000731864
          347  -0.000941027
          348   0.000159922
          349  -0.000349093
          350  -0.000481592
          351   -0.00037708
          352  -0.000507412
          353  -0.000444139
          354   0.000992236
          355    0.00343076
          356    0.00140233
          411  -9.15413e-05
          412    0.00286326
          413    0.00516497
          414   3.33365e-05
          415  -0.000491148
          416  -0.000625942
          417   1.16221e-05
          418  -0.000983388
          419  -0.000809812
          420  -0.000752857
          421   -0.00361316
          422   -0.00410036
          423    -0.0012938
          424   -0.00387276
          425   -0.00378816
          426   0.000751423
          427    0.00325213
          428     0.0041648
          435  -7.66956e-05
          436    0.00199108
          437     0.0027151
          438   4.15063e-05
          439  -0.000530939
          440   -0.00105868
          441   2.68815e-05
          442   -0.00050479
          443  -0.000657403
          444  -0.000140161
          445  -0.000740864
          446   -0.00108451
          447  -0.000224395
          448  -0.000736914
          449  -0.000927575
          450    0.00024014
          451   0.000622703
          452   0.000424973
