       #varID adjointSensitivity
           27  -1.54065e-06
           28    0.00186994
           30   8.36039e-06
           31   0.000416176
           33   0.000115155
           34    0.00101735
           36    0.00119616
           37    0.00340479
           39    0.00103153
           40    0.00138092
           42   -0.00101444
           43   -0.00286388
           51   9.05651e-06
           52    0.00689002
           54  -1.20809e-05
           55    0.00119226
           57   0.000264391
           58    0.00207463
           60    0.00143643
           61    0.00486729
           63    0.00121132
           64    0.00204362
           66  -0.000225782
           67   -0.00111137
          123  -2.06086e-05
          124     0.0039225
          125   0.000195934
          126   1.54711e-05
          127   0.000845954
          128  -0.000164238
          129   0.000236716
          130    0.00174423
          131   -0.00113417
          132    0.00246004
          133    0.00884696
          134   -0.00188214
          135   0.000717349
          136     0.0031244
          137  -0.000550446
          138    -0.0033076
          139   -0.00721252
          140  -0.000213936
          147  -3.10646e-05
          148     0.0138061
          149   0.000670073
          150  -6.47182e-06
          151    0.00226731
          152  -0.000432921
          153   0.000687864
          154    0.00348075
          155   -0.00227338
          156    0.00298177
          157     0.0109686
          158   -0.00292827
          159    0.00126393
          160    0.00358863
          161  -0.000865449
          162   -0.00140722
          163    -0.0034001
          164  -0.000620735
          219  -0.000148757
          220    0.00475854
          221   0.000819622
          222   3.52664e-06
          223   0.000693869
          224   -0.00040786
          225   0.000490953
          226    0.00138514
          227   -0.00015574
          228    0.00230534
          229    0.00788911
          230   0.000875504
          231   0.000566553
          232    0.00416757
          233   0.000770757
          234    -0.0018085
          235   -0.00140669
          236   0.000347005
          243  -0.000352197
          244      0.014822
          245    0.00169851
          246  -2.18001e-05
          247    0.00167468
          248    -0.0013138
          249    0.00122195
          250    0.00209072
          251   -0.00093664
          252    0.00295022
          253    0.00853684
          254    0.00107606
          255   0.000660923
          256    0.00241545
          257   0.000653046
          258    -0.0009364
          259   -0.00155951
          260  -0.000167282
          315  -0.000368729
          316    0.00400067
          317    0.00278046
          318  -1.21949e-05
          319  -1.96078e-05
          320  -0.000786703
          321    0.00028531
          322   0.000476182
          323   0.000387092
          324     0.0011598
          325    0.00292925
          326   0.000757171
          327    0.00170706
          328    0.00430217
          329     0.0013816
          330    0.00223937
          331     0.0078751
          332     0.0051229
          339   -0.00057596
          340    0.00916685
          341    0.00261305
          342   6.83511e-06
          343   -0.00029051
          344   -0.00282374
          345   0.000575117
          346  -0.000181395
          347  -0.000852026
          348    0.00138174
          349    0.00310155
          350    0.00121247
          351   0.000779904
          352    0.00157429
          353    0.00030101
          354   0.000473693
          355    0.00137943
          356    0.00066258
          411  -0.000198065
          412    0.00195067
          413    0.00345245
          414   -2.4235e-05
          415  -0.000337832
          416  -0.000259793
          417  -7.30231e-05
          418  -0.000795154
          419  -0.000326507
          420  -0.000236023
          421   -0.00189524
          422   -0.00149554
          423   0.000664913
          424  -0.000657791
          425  -0.000836601
          426    0.00206034
          427    0.00351233
          428    0.00319751
          435   -0.00018502
          436    0.00109371
          437    0.00105457
          438   4.73156e-05
          439  -0.000772981
          440   -0.00134015
          441  -6.51583e-06
          442  -0.000528238
          443  -0.000336953
          444  -6.57142e-06
          445  -0.000160416
          446  -3.79244e-05
          447    0.00013064
          448  -1.75745e-06
          449  -0.000171806
          450   0.000324554
          451   0.000577568
          452   0.000362293
