       #varID adjointSensitivity
           27  -5.37972e-05
           28     0.0017775
           30     4.372e-06
           31   0.000403443
           33   4.62434e-05
           34   0.000345554
           36   0.000562029
           37    0.00191968
           39   0.000918162
           40     0.0018323
           42   0.000248397
           43   0.000435517
           51  -0.000176069
           52    0.00634985
           54  -1.24226e-05
           55    0.00115206
           57   0.000235887
           58   0.000853483
           60   0.000865716
           61    0.00280395
           63   0.000836692
           64    0.00163867
           66   0.000209492
           67  -4.83507e-06
          123  -0.000231015
          124    0.00356954
          125   0.000200306
          126  -9.38429e-06
          127   0.000919782
          128  -0.000125056
          129   0.000114049
          130    0.00124797
          131    -0.0011702
          132   0.000983181
          133    0.00576519
          134   -0.00155671
          135   8.22098e-05
          136    0.00231196
          137  -0.000158211
          138   -0.00112496
          139   -0.00195704
          140      0.000469
          147   -0.00075568
          148     0.0121839
          149   0.000652747
          150  -5.41784e-05
          151    0.00246345
          152  -0.000241714
          153    0.00052709
          154    0.00276164
          155   -0.00241265
          156    0.00154624
          157    0.00754006
          158   -0.00249901
          159   0.000295395
          160    0.00193677
          161  -0.000407647
          162  -0.000582886
          163   -0.00151588
          164  -0.000159231
          219  -0.000540366
          220    0.00413956
          221   0.000349129
          222  -1.26548e-05
          223   0.000760666
          224    -0.0003442
          225   0.000319591
          226    0.00115296
          227   -0.00015968
          228    0.00146377
          229    0.00577043
          230   0.000966252
          231   0.000331588
          232    0.00284988
          233   0.000994361
          234   -0.00132211
          235   -0.00139986
          236   0.000138492
          243   -0.00153688
          244      0.012865
          245   0.000647913
          246  -8.60993e-06
          247     0.0016805
          248   -0.00137571
          249   0.000909092
          250    0.00166197
          251   -0.00107464
          252    0.00195112
          253    0.00609865
          254    0.00103948
          255   0.000212159
          256     0.0012406
          257   0.000817645
          258  -0.000733532
          259   -0.00140508
          260  -9.84216e-05
          315  -0.000837379
          316    0.00288469
          317     0.0012758
          318  -4.74528e-05
          319   0.000419856
          320  -7.55659e-05
          321   0.000174904
          322   0.000659826
          323   0.000938537
          324    0.00137916
          325    0.00301206
          326    0.00145238
          327    0.00237927
          328     0.0049025
          329     0.0021534
          330    0.00183278
          331    0.00544214
          332    0.00335303
          339   -0.00142959
          340    0.00692701
          341   2.94674e-05
          342   0.000125091
          343   8.97712e-05
          344   -0.00241441
          345   0.000422582
          346  -7.44394e-05
          347  -0.000318009
          348    0.00127594
          349    0.00250335
          350    0.00125913
          351   0.000934546
          352    0.00174295
          353   0.000580292
          354   0.000317525
          355   0.000862991
          356   0.000363281
          411  -0.000445872
          412     0.0013405
          413    0.00247985
          414  -0.000101475
          415   1.50257e-05
          416   0.000448292
          417  -0.000107547
          418  -0.000499236
          419   0.000233268
          420   0.000101095
          421   -0.00116386
          422  -0.000468065
          423     0.0013353
          424   0.000678175
          425   0.000564235
          426    0.00209089
          427    0.00317856
          428    0.00239183
          435  -0.000434872
          436   0.000201483
          437  -0.000134596
          438    6.6443e-05
          439  -0.000510168
          440   -0.00086752
          441  -1.31508e-05
          442   -0.00024764
          443   0.000140466
          444   0.000104695
          445   2.53768e-05
          446   0.000176495
          447   0.000308973
          448   0.000334124
          449   0.000117176
          450   0.000337381
          451   0.000544186
          452   0.000256568
