       #varID adjointSensitivity
           27  -2.73185e-06
           28    0.00187452
           30   5.82059e-06
           31   0.000440833
           33   0.000111575
           34     0.0010342
           36    0.00131003
           37    0.00360285
           39    0.00115402
           40    0.00149181
           42  -0.000986167
           43   -0.00289821
           51    1.3161e-05
           52    0.00691328
           54  -2.10183e-05
           55    0.00129296
           57    0.00024162
           58    0.00212429
           60    0.00151518
           61    0.00501349
           63    0.00135355
           64    0.00226899
           66  -0.000187221
           67   -0.00109145
          123  -3.56894e-05
          124    0.00393105
          125   0.000202547
          126   9.16731e-06
          127   0.000910992
          128  -0.000155656
          129   0.000228779
          130    0.00180011
          131   -0.00114566
          132    0.00268904
          133    0.00966589
          134   -0.00173535
          135   0.000564004
          136    0.00297213
          137  -0.000562323
          138   -0.00354604
          139   -0.00792424
          140  -0.000400857
          147  -6.72711e-05
          148     0.0138288
          149   0.000693607
          150  -2.47944e-05
          151    0.00250716
          152  -0.000388718
          153   0.000650728
          154    0.00361118
          155   -0.00230804
          156    0.00312292
          157     0.0115873
          158   -0.00277758
          159    0.00121757
          160    0.00368752
          161   -0.00077163
          162   -0.00154368
          163   -0.00376194
          164  -0.000693059
          219  -0.000199122
          220    0.00472338
          221    0.00068255
          222   1.78545e-06
          223   0.000709019
          224  -0.000466575
          225   0.000512515
          226    0.00134497
          227  -0.000194025
          228    0.00262786
          229    0.00892102
          230    0.00114832
          231   0.000443758
          232     0.0043708
          233   0.000836597
          234   -0.00231932
          235    -0.0025445
          236   4.30697e-05
          243  -0.000489981
          244     0.0148135
          245     0.0014549
          246  -2.38892e-05
          247    0.00175535
          248   -0.00150791
          249    0.00126316
          250    0.00194561
          251   -0.00110918
          252    0.00320411
          253    0.00919617
          254    0.00132759
          255   0.000610409
          256    0.00263019
          257   0.000819782
          258   -0.00117245
          259   -0.00208223
          260   -0.00029367
          315  -0.000460733
          316      0.003686
          317    0.00218571
          318  -6.95507e-06
          319  -2.77677e-05
          320  -0.000802075
          321   0.000302752
          322   0.000474573
          323   0.000517554
          324    0.00144473
          325    0.00357218
          326    0.00111998
          327    0.00206977
          328    0.00491686
          329    0.00141811
          330    0.00223803
          331    0.00756737
          332    0.00466838
          339  -0.000723848
          340    0.00877696
          341    0.00178558
          342   4.55904e-05
          343   -0.00040306
          344    -0.0031207
          345   0.000609394
          346  -0.000400731
          347  -0.000902371
          348    0.00158308
          349    0.00343708
          350    0.00140914
          351   0.000938133
          352    0.00192908
          353   0.000382932
          354   0.000440542
          355     0.0012817
          356   0.000567194
          411  -0.000260855
          412    0.00169128
          413    0.00299104
          414  -3.22916e-05
          415  -0.000286751
          416  -0.000147116
          417  -7.75248e-05
          418  -0.000706177
          419  -0.000146219
          420  -0.000155021
          421   -0.00169119
          422   -0.00120237
          423   0.000905233
          424  -0.000456398
          425  -0.000813178
          426    0.00230695
          427    0.00346792
          428    0.00277695
          435  -0.000246782
          436   0.000770074
          437   0.000546034
          438   6.34004e-05
          439  -0.000815454
          440   -0.00138026
          441  -2.90811e-06
          442  -0.000519375
          443  -0.000250962
          444   2.64924e-05
          445  -8.70407e-05
          446   7.02952e-05
          447   0.000192452
          448   7.75749e-05
          449  -0.000130294
          450   0.000368562
          451   0.000595083
          452   0.000314033
