       #varID adjointSensitivity
           27  -4.95362e-05
           28    0.00178112
           30   4.28921e-06
           31   0.000449083
           33   3.34603e-05
           34    0.00025671
           36   0.000568792
           37    0.00193689
           39   0.000930019
           40    0.00193506
           42   0.000239997
           43    0.00044525
           51  -0.000158962
           52    0.00637036
           54  -9.26104e-06
           55    0.00135767
           57   0.000204312
           58   0.000665208
           60   0.000858888
           61    0.00273185
           63   0.000849235
           64    0.00173774
           66   0.000206839
           67   1.31308e-05
          123   -0.00022584
          124     0.0035588
          125   0.000202639
          126  -8.86361e-06
          127    0.00102737
          128  -0.000112892
          129   8.48299e-05
          130    0.00107005
          131   -0.00117187
          132   0.000970116
          133    0.00573595
          134   -0.00153122
          135   0.000164377
          136    0.00265361
          137  -0.000149948
          138   -0.00109581
          139   -0.00187543
          140   0.000474965
          147  -0.000737359
          148     0.0121479
          149   0.000660975
          150  -4.69968e-05
          151    0.00290463
          152  -0.000193229
          153   0.000457016
          154    0.00241256
          155   -0.00242193
          156    0.00148169
          157    0.00727829
          158   -0.00247322
          159   0.000345319
          160    0.00220404
          161  -0.000399643
          162  -0.000560138
          163   -0.00142773
          164  -0.000156918
          219  -0.000544572
          220    0.00406158
          221   0.000335555
          222  -7.60876e-06
          223       0.00087
          224  -0.000296603
          225    0.00027636
          226   0.000925194
          227  -0.000173217
          228    0.00144347
          229    0.00566805
          230    0.00093598
          231   0.000436671
          232    0.00321952
          233   0.000955818
          234   -0.00124124
          235   -0.00115759
          236   9.43458e-05
          243   -0.00156259
          244     0.0125857
          245   0.000595908
          246   7.34813e-06
          247    0.00203386
          248   -0.00128867
          249   0.000820866
          250    0.00125831
          251   -0.00107653
          252    0.00186089
          253    0.00573452
          254    0.00101167
          255   0.000269654
          256    0.00148936
          257   0.000783987
          258  -0.000696352
          259   -0.00126646
          260  -0.000131231
          315  -0.000849608
          316    0.00282079
          317    0.00128368
          318  -4.51095e-05
          319   0.000567849
          320   0.000128559
          321   0.000139787
          322    0.00049169
          323   0.000886766
          324    0.00135458
          325    0.00285646
          326    0.00133403
          327    0.00241725
          328    0.00501399
          329    0.00215882
          330    0.00189721
          331    0.00560418
          332     0.0033891
          339   -0.00146689
          340    0.00667418
          341  -3.63725e-05
          342   0.000136291
          343   0.000314382
          344   -0.00219254
          345   0.000366657
          346  -0.000321694
          347  -0.000334251
          348     0.0012323
          349    0.00226327
          350    0.00117156
          351   0.000962087
          352    0.00183374
          353   0.000585213
          354   0.000342443
          355   0.000945201
          356   0.000370302
          411  -0.000447926
          412    0.00135151
          413    0.00252403
          414  -0.000103407
          415    0.00013276
          416   0.000642135
          417  -0.000116994
          418  -0.000530341
          419   0.000200327
          420   7.95743e-05
          421   -0.00124922
          422  -0.000540056
          423    0.00130596
          424   0.000597865
          425   0.000560622
          426     0.0020807
          427    0.00313691
          428    0.00241999
          435  -0.000441876
          436   0.000177869
          437   -0.00011272
          438   6.54807e-05
          439  -0.000419554
          440  -0.000718182
          441  -2.39719e-05
          442   -0.00027662
          443   0.000131081
          444   9.06621e-05
          445  -3.65199e-05
          446   0.000129099
          447   0.000303499
          448   0.000320032
          449   0.000116581
          450   0.000339508
          451   0.000549492
          452   0.000265333
