       #varID adjointSensitivity
           27    1.1501e-05
           28    0.00174425
           30   4.84203e-06
           31    4.5784e-06
           33  -0.000159454
           34  -0.000676315
           36   -0.00140098
           37   -0.00315607
           39  -0.000462229
           40  -0.000720629
           42    0.00409892
           43     0.0144827
           51   3.90282e-05
           52    0.00625348
           54  -5.44759e-06
           55  -0.000292727
           57  -0.000127944
           58   -0.00150985
           60   -0.00106167
           61   -0.00245195
           63  -0.000855631
           64   -0.00226001
           66    0.00168054
           67    0.00457587
          123   2.09361e-05
          124    0.00371185
          125   0.000140069
          126   8.51223e-06
          127    7.3115e-05
          128  -0.000276235
          129   -0.00027865
          130  -0.000953487
          131   -0.00108612
          132   -0.00276956
          133   -0.00579303
          134   -0.00177612
          135   -0.00145528
          136   -0.00179717
          137   0.000389026
          138    0.00641182
          139     0.0231377
          140    0.00261137
          147   6.91095e-05
          148     0.0129007
          149   0.000453145
          150  -1.64738e-05
          151  -0.000406824
          152  -0.000885393
          153  -0.000154575
          154   -0.00210886
          155   -0.00227502
          156   -0.00201502
          157   -0.00402806
          158   -0.00248208
          159   -0.00196873
          160   -0.00447065
          161  -0.000162822
          162    0.00233943
          163    0.00719823
          164   0.000812564
          219  -3.57168e-05
          220    0.00477178
          221    0.00136836
          222  -1.97265e-05
          223   0.000132288
          224  -0.000154196
          225  -0.000198409
          226  -0.000719778
          227  -0.000352022
          228   -0.00266126
          229   -0.00605555
          230   -0.00125083
          231   -0.00168486
          232  -0.000773913
          233   0.000733356
          234     0.0054286
          235     0.0220779
          236     0.0051391
          243    -5.239e-05
          244     0.0143508
          245    0.00247392
          246  -7.90526e-05
          247   -0.00015638
          248  -0.000523011
          249  -4.02797e-05
          250   -0.00146726
          251  -0.000644108
          252   -0.00180759
          253   -0.00430873
          254   -0.00073777
          255   -0.00189431
          256   -0.00410362
          257  -0.000203049
          258    0.00177925
          259    0.00632333
          260    0.00127076
          315  -0.000143464
          316    0.00530145
          317    0.00572856
          318  -4.81238e-05
          319  -0.000139938
          320  -0.000438535
          321  -0.000141426
          322   -0.00116846
          323   -0.00122661
          324   -0.00194502
          325    -0.0062464
          326   -0.00490047
          327   -0.00157873
          328   -0.00168528
          329   -0.00118009
          330    0.00402898
          331     0.0197794
          332     0.0121477
          339  -0.000189924
          340     0.0103021
          341    0.00595321
          342  -0.000106619
          343  -0.000473605
          344   -0.00127475
          345  -7.11627e-05
          346   -0.00144184
          347   -0.00135379
          348   -0.00100616
          349   -0.00339534
          350   -0.00195324
          351  -0.000973451
          352   -0.00246962
          353    -0.0010453
          354    0.00132778
          355     0.0047041
          356    0.00209897
          411  -4.06034e-05
          412    0.00324977
          413    0.00625779
          414       9.7e-07
          415  -0.000462417
          416  -0.000379564
          417  -7.75829e-05
          418   -0.00167766
          419   -0.00170397
          420  -0.000868642
          421   -0.00494849
          422   -0.00583175
          423  -0.000807611
          424   -0.00512424
          425   -0.00487833
          426    0.00154242
          427    0.00351882
          428    0.00491338
          435  -3.15694e-05
          436     0.0024825
          437    0.00364443
          438  -6.08673e-06
          439  -0.000467906
          440   -0.00082311
          441  -4.55473e-05
          442  -0.000746922
          443  -0.000976239
          444  -0.000262035
          445   -0.00130665
          446   -0.00180175
          447  -0.000220524
          448   -0.00120076
          449   -0.00133173
          450   0.000368861
          451   0.000652746
          452   0.000556071
